area,tecnologia,defecto,causa,division,proyecto
BACKEND/ENSAMBLE FINAL,MINI OLA,CONECTOR QUEMADO,MANO DE OBRA,B&S,BCM
BACKEND/ENSAMBLE FINAL,OLA,CONECTOR QUEMADO,MANO DE OBRA,B&S,BCM K2XX
BACKEND/ENSAMBLE FINAL,MINI OLA,CONECTOR QUEMADO,MANO DE OBRA,B&S,BCM SQUARE D
BACKEND/ENSAMBLE FINAL,MINI OLA,CONECTOR QUEMADO,MANO DE OBRA,B&S,ESCL
BACKEND/ENSAMBLE FINAL,OLA,CONECTOR QUEMADO,MANO DE OBRA,B&S,FOB READER
BACKEND/ENSAMBLE FINAL,MINI OLA,CONECTOR QUEMADO,MANO DE OBRA,B&S,GLOBAL A
BACKEND/ENSAMBLE FINAL,OLA,CONECTOR QUEMADO,MANO DE OBRA,B&S,GLOBAL A
BACKEND/ENSAMBLE FINAL,MINI OLA,CONECTOR QUEMADO,MANO DE OBRA,B&S,INTERNAL RECEIVER K2XX
BACKEND/ENSAMBLE FINAL,OLA,CONECTOR QUEMADO,MANO DE OBRA,B&S,INTERNAL RECEIVER K2XX
BACKEND/ENSAMBLE FINAL,MINI OLA,CONECTOR QUEMADO,MANO DE OBRA,B&S,KWANG JIN
BACKEND/ENSAMBLE FINAL,OLA,CONECTOR QUEMADO,MANO DE OBRA,B&S,PEPS
BACKEND/ENSAMBLE FINAL,MINI OLA,CONECTOR QUEMADO,MANO DE OBRA,B&S,RF TUNER
BACKEND/ENSAMBLE FINAL,MINI OLA,CONECTOR QUEMADO,MANO DE OBRA,B&S,WEBASTO
BACKEND/ENSAMBLE FINAL,MINI OLA,CONECTOR QUEMADO,MANO DE OBRA,PE,V8 V10
BACKEND/ENSAMBLE FINAL,OLA,CONECTOR QUEMADO,MANO DE OBRA,PE,V8 V10
BACKEND/ENSAMBLE FINAL,OLA,CONECTOR QUEMADO,MANO DE OBRA,PE,CEC
BACKEND/ENSAMBLE FINAL,MINI OLA,CONECTOR QUEMADO,MANO DE OBRA,B&S,IDM
BACKEND/ENSAMBLE FINAL,OLA,CONECTOR QUEMADO,MANO DE OBRA,B&S,IDM
BACKEND/ENSAMBLE FINAL,MINI OLA,CONECTOR QUEMADO,MANO DE OBRA,B&S,M3C
BACKEND/ENSAMBLE FINAL,OLA,CONECTOR QUEMADO,MANO DE OBRA,B&S,M3C
BACKEND/ENSAMBLE FINAL,MINI OLA,CONECTOR QUEMADO,MANO DE OBRA,B&S,SIMOS 12.2
BACKEND/ENSAMBLE FINAL,OLA,CONECTOR QUEMADO,MANO DE OBRA,B&S,SIMOS 12.2
BACKEND/ENSAMBLE FINAL,MINI OLA,CONECTOR QUEMADO,MANO DE OBRA,B&S,SIMOS 18.2
BACKEND/ENSAMBLE FINAL,OLA,CONECTOR QUEMADO,MANO DE OBRA,B&S,SIMOS 18.2
BACKEND/ENSAMBLE FINAL,MINI OLA,CONECTOR QUEMADO,MANO DE OBRA,B&S,EMS 2208
BACKEND/ENSAMBLE FINAL,OLA,CONECTOR QUEMADO,MANO DE OBRA,B&S,EMS 2208
BACKEND/ENSAMBLE FINAL,MINI OLA,CONECTOR QUEMADO,MANO DE OBRA,B&S,EMS 2214
BACKEND/ENSAMBLE FINAL,OLA,CONECTOR QUEMADO,MANO DE OBRA,B&S,EMS 2214
BACKEND/ENSAMBLE FINAL,MINI OLA,CONECTOR QUEMADO,MANO DE OBRA,B&S,SID903
BACKEND/ENSAMBLE FINAL,OLA,CONECTOR QUEMADO,MANO DE OBRA,B&S,SID903
BACKEND/ENSAMBLE FINAL,MINI OLA,CONECTOR QUEMADO,MANO DE OBRA,B&S,SID904
BACKEND/ENSAMBLE FINAL,OLA,CONECTOR QUEMADO,MANO DE OBRA,B&S,SID904
BACKEND/ENSAMBLE FINAL,OLA,CONECTOR QUEMADO,MANO DE OBRA,B&S,SID908
BACKEND/ENSAMBLE FINAL,MINI OLA,CONECTOR QUEMADO,MANO DE OBRA,B&S,SID910
BACKEND/ENSAMBLE FINAL,OLA,CONECTOR QUEMADO,MANO DE OBRA,B&S,SID910
BACKEND/ENSAMBLE FINAL,MINI OLA,CONECTOR QUEMADO,MANO DE OBRA,B&S,SID913
BACKEND/ENSAMBLE FINAL,OLA,CONECTOR QUEMADO,MANO DE OBRA,B&S,SID913
BACKEND/ENSAMBLE FINAL,MINI OLA,CONECTOR QUEMADO,MANO DE OBRA,B&S,ACM
BACKEND/ENSAMBLE FINAL,OLA,CONECTOR QUEMADO,MANO DE OBRA,B&S,ACM
BACKEND/ENSAMBLE FINAL,MINI OLA,CONECTOR QUEMADO,MANO DE OBRA,B&S,EVO
BACKEND/ENSAMBLE FINAL,OLA,CONECTOR QUEMADO,MANO DE OBRA,B&S,EVO
BACKEND/ENSAMBLE FINAL,MINI OLA,CONECTOR QUEMADO,MANO DE OBRA,B&S,BOSE BMW
BACKEND/ENSAMBLE FINAL,OLA,CONECTOR QUEMADO,MANO DE OBRA,B&S,BOSE BMW
BACKEND/ENSAMBLE FINAL,MINI OLA,CONECTOR QUEMADO,MANO DE OBRA,B&S,BOSE VW
BACKEND/ENSAMBLE FINAL,OLA,CONECTOR QUEMADO,MANO DE OBRA,B&S,BOSE VW
BACKEND/ENSAMBLE FINAL,MINI OLA,CONECTOR QUEMADO,MANO DE OBRA,B&S,OCS NISSAN
BACKEND/ENSAMBLE FINAL,OLA,CONECTOR QUEMADO,MANO DE OBRA,B&S,OCS NISSAN
BACKEND/ENSAMBLE FINAL,MINI OLA,CONECTOR QUEMADO,MANO DE OBRA,B&S,OCS SUZUKI
BACKEND/ENSAMBLE FINAL,OLA,CONECTOR QUEMADO,MANO DE OBRA,B&S,OCS SUZUKI
BACKEND/ENSAMBLE FINAL,MINI OLA,CONECTOR QUEMADO,MANO DE OBRA,B&S,ACCORD
BACKEND/ENSAMBLE FINAL,OLA,CONECTOR QUEMADO,MANO DE OBRA,B&S,ACCORD
BACKEND/ENSAMBLE FINAL,MINI OLA,CONECTOR QUEMADO,MANO DE OBRA,B&S,ARAMIS 2010
BACKEND/ENSAMBLE FINAL,OLA,CONECTOR QUEMADO,MANO DE OBRA,B&S,ARAMIS 2010
BACKEND/ENSAMBLE FINAL,MINI OLA,CONECTOR QUEMADO,MANO DE OBRA,B&S,ARAMIS 2011
BACKEND/ENSAMBLE FINAL,OLA,CONECTOR QUEMADO,MANO DE OBRA,B&S,ARAMIS 2011
BACKEND/ENSAMBLE FINAL,MINI OLA,CONECTOR QUEMADO,MANO DE OBRA,B&S,ARAMIS 2012
BACKEND/ENSAMBLE FINAL,OLA,CONECTOR QUEMADO,MANO DE OBRA,B&S,ARAMIS 2012
BACKEND/ENSAMBLE FINAL,MINI OLA,CONECTOR QUEMADO,MANO DE OBRA,B&S,ARAMIS 2013
BACKEND/ENSAMBLE FINAL,OLA,CONECTOR QUEMADO,MANO DE OBRA,B&S,ARAMIS 2013
BACKEND/ENSAMBLE FINAL,MINI OLA,CONECTOR QUEMADO,MANO DE OBRA,B&S,ARAMIS I
BACKEND/ENSAMBLE FINAL,OLA,CONECTOR QUEMADO,MANO DE OBRA,B&S,ARAMIS I
BACKEND/ENSAMBLE FINAL,MINI OLA,CONECTOR QUEMADO,MANO DE OBRA,B&S,ARAMIS II MCG
BACKEND/ENSAMBLE FINAL,OLA,CONECTOR QUEMADO,MANO DE OBRA,B&S,ARAMIS II MCG
BACKEND/ENSAMBLE FINAL,MINI OLA,CONECTOR QUEMADO,MANO DE OBRA,B&S,ARAMIS III
BACKEND/ENSAMBLE FINAL,OLA,CONECTOR QUEMADO,MANO DE OBRA,B&S,ARAMIS III
BACKEND/ENSAMBLE FINAL,MINI OLA,CONECTOR QUEMADO,MANO DE OBRA,B&S,CHRYSLER MY2013
BACKEND/ENSAMBLE FINAL,OLA,CONECTOR QUEMADO,MANO DE OBRA,B&S,CHRYSLER MY2013
BACKEND/ENSAMBLE FINAL,MINI OLA,CONECTOR QUEMADO,MANO DE OBRA,B&S,D3
BACKEND/ENSAMBLE FINAL,OLA,CONECTOR QUEMADO,MANO DE OBRA,B&S,D3
BACKEND/ENSAMBLE FINAL,MINI OLA,CONECTOR QUEMADO,MANO DE OBRA,B&S,FIAT BRAZIL
BACKEND/ENSAMBLE FINAL,OLA,CONECTOR QUEMADO,MANO DE OBRA,B&S,FIAT BRAZIL
BACKEND/ENSAMBLE FINAL,MINI OLA,CONECTOR QUEMADO,MANO DE OBRA,B&S,FORD
BACKEND/ENSAMBLE FINAL,OLA,CONECTOR QUEMADO,MANO DE OBRA,B&S,FORD
BACKEND/ENSAMBLE FINAL,MINI OLA,CONECTOR QUEMADO,MANO DE OBRA,B&S,HONDA HRS5
BACKEND/ENSAMBLE FINAL,OLA,CONECTOR QUEMADO,MANO DE OBRA,B&S,HONDA HRS5
BACKEND/ENSAMBLE FINAL,MINI OLA,CONECTOR QUEMADO,MANO DE OBRA,B&S,HONDA HRS6
BACKEND/ENSAMBLE FINAL,OLA,CONECTOR QUEMADO,MANO DE OBRA,B&S,HONDA HRS6
BACKEND/ENSAMBLE FINAL,MINI OLA,CONECTOR QUEMADO,MANO DE OBRA,B&S,HYUNDAI
BACKEND/ENSAMBLE FINAL,OLA,CONECTOR QUEMADO,MANO DE OBRA,B&S,HYUNDAI
BACKEND/ENSAMBLE FINAL,MINI OLA,CONECTOR QUEMADO,MANO DE OBRA,B&S,LEGACY
BACKEND/ENSAMBLE FINAL,OLA,CONECTOR QUEMADO,MANO DE OBRA,B&S,LEGACY
BACKEND/ENSAMBLE FINAL,MINI OLA,CONECTOR QUEMADO,MANO DE OBRA,B&S,RENAULT
BACKEND/ENSAMBLE FINAL,OLA,CONECTOR QUEMADO,MANO DE OBRA,B&S,RENAULT
BACKEND/ENSAMBLE FINAL,MINI OLA,CONECTOR QUEMADO,MANO DE OBRA,B&S,SDM10
BACKEND/ENSAMBLE FINAL,OLA,CONECTOR QUEMADO,MANO DE OBRA,B&S,SDM10
BACKEND/ENSAMBLE FINAL,MINI OLA,CONECTOR QUEMADO,MANO DE OBRA,B&S,SDM10+
BACKEND/ENSAMBLE FINAL,OLA,CONECTOR QUEMADO,MANO DE OBRA,B&S,SDM10+
BACKEND/ENSAMBLE FINAL,MINI OLA,CONECTOR QUEMADO,MANO DE OBRA,B&S,SDM30
BACKEND/ENSAMBLE FINAL,OLA,CONECTOR QUEMADO,MANO DE OBRA,B&S,SDM30
BACKEND/ENSAMBLE FINAL,MINI OLA,CONECTOR QUEMADO,MANO DE OBRA,B&S,VW10 LC
BACKEND/ENSAMBLE FINAL,OLA,CONECTOR QUEMADO,MANO DE OBRA,B&S,VW10 LC
BACKEND/ENSAMBLE FINAL,MINI OLA,CONECTOR QUEMADO,MANO DE OBRA,B&S,VW20 MQB
BACKEND/ENSAMBLE FINAL,OLA,CONECTOR QUEMADO,MANO DE OBRA,B&S,VW20 MQB
BACKEND/ENSAMBLE FINAL,MINI OLA,CONECTOR QUEMADO,MANO DE OBRA,B&S,ARMIN
BACKEND/ENSAMBLE FINAL,OLA,CONECTOR QUEMADO,MANO DE OBRA,B&S,ARMIN
BACKEND/ENSAMBLE FINAL,MINI OLA,CONECTOR QUEMADO,MANO DE OBRA,B&S,ASTON MARTIN
BACKEND/ENSAMBLE FINAL,OLA,CONECTOR QUEMADO,MANO DE OBRA,B&S,ASTON MARTIN
BACKEND/ENSAMBLE FINAL,MINI OLA,CONECTOR QUEMADO,MANO DE OBRA,B&S,DAIMLER SMART
BACKEND/ENSAMBLE FINAL,OLA,CONECTOR QUEMADO,MANO DE OBRA,B&S,DAIMLER SMART
BACKEND/ENSAMBLE FINAL,MINI OLA,CONECTOR QUEMADO,MANO DE OBRA,B&S,DAIMLER STAR 2
BACKEND/ENSAMBLE FINAL,OLA,CONECTOR QUEMADO,MANO DE OBRA,B&S,DAIMLER STAR 2
BACKEND/ENSAMBLE FINAL,MINI OLA,CONECTOR QUEMADO,MANO DE OBRA,B&S,DAIMLER STAR2_ISC
BACKEND/ENSAMBLE FINAL,OLA,CONECTOR QUEMADO,MANO DE OBRA,B&S,DAIMLER STAR2_ISC
BACKEND/ENSAMBLE FINAL,MINI OLA,CONECTOR QUEMADO,MANO DE OBRA,B&S,EPSILON
BACKEND/ENSAMBLE FINAL,OLA,CONECTOR QUEMADO,MANO DE OBRA,B&S,EPSILON
BACKEND/ENSAMBLE FINAL,MINI OLA,CONECTOR QUEMADO,MANO DE OBRA,B&S,GM BRASIL
BACKEND/ENSAMBLE FINAL,OLA,CONECTOR QUEMADO,MANO DE OBRA,B&S,GM BRASIL
BACKEND/ENSAMBLE FINAL,MINI OLA,CONECTOR QUEMADO,MANO DE OBRA,B&S,JAGUAR PED
BACKEND/ENSAMBLE FINAL,OLA,CONECTOR QUEMADO,MANO DE OBRA,B&S,JAGUAR PED
BACKEND/ENSAMBLE FINAL,MINI OLA,CONECTOR QUEMADO,MANO DE OBRA,B&S,JAGUAR X1
BACKEND/ENSAMBLE FINAL,OLA,CONECTOR QUEMADO,MANO DE OBRA,B&S,JAGUAR X1
BACKEND/ENSAMBLE FINAL,MINI OLA,CONECTOR QUEMADO,MANO DE OBRA,B&S,LAND ROVER
BACKEND/ENSAMBLE FINAL,OLA,CONECTOR QUEMADO,MANO DE OBRA,B&S,LAND ROVER
BACKEND/ENSAMBLE FINAL,MINI OLA,CONECTOR QUEMADO,MANO DE OBRA,B&S,OPEL 3300
BACKEND/ENSAMBLE FINAL,OLA,CONECTOR QUEMADO,MANO DE OBRA,B&S,OPEL 3300
BACKEND/ENSAMBLE FINAL,MINI OLA,CONECTOR QUEMADO,MANO DE OBRA,B&S,OPEL 3i
BACKEND/ENSAMBLE FINAL,OLA,CONECTOR QUEMADO,MANO DE OBRA,B&S,OPEL 3i
BACKEND/ENSAMBLE FINAL,MINI OLA,CONECTOR QUEMADO,MANO DE OBRA,B&S,OPEL 4400
BACKEND/ENSAMBLE FINAL,OLA,CONECTOR QUEMADO,MANO DE OBRA,B&S,OPEL 4400
BACKEND/ENSAMBLE FINAL,MINI OLA,CONECTOR QUEMADO,MANO DE OBRA,B&S,PSA CAN
BACKEND/ENSAMBLE FINAL,OLA,CONECTOR QUEMADO,MANO DE OBRA,B&S,PSA CAN
BACKEND/ENSAMBLE FINAL,MINI OLA,CONECTOR QUEMADO,MANO DE OBRA,B&S,PSA MAGNA
BACKEND/ENSAMBLE FINAL,OLA,CONECTOR QUEMADO,MANO DE OBRA,B&S,PSA MAGNA
BACKEND/ENSAMBLE FINAL,MINI OLA,CONECTOR QUEMADO,MANO DE OBRA,B&S,VOLVO P1
BACKEND/ENSAMBLE FINAL,OLA,CONECTOR QUEMADO,MANO DE OBRA,B&S,VOLVO P1
BACKEND/ENSAMBLE FINAL,MINI OLA,CONECTOR QUEMADO,MANO DE OBRA,B&S,VOLVO P15
BACKEND/ENSAMBLE FINAL,OLA,CONECTOR QUEMADO,MANO DE OBRA,B&S,VOLVO P15
BACKEND/ENSAMBLE FINAL,MINI OLA,CONECTOR QUEMADO,MANO DE OBRA,B&S,VW20
BACKEND/ENSAMBLE FINAL,OLA,CONECTOR QUEMADO,MANO DE OBRA,B&S,VW20
BACKEND/ENSAMBLE FINAL,OLA,CONECTOR QUEMADO,MANO DE OBRA,B&S,ANTENA
BACKEND/ENSAMBLE FINAL,MINI OLA,CONECTOR QUEMADO,MANO DE OBRA,B&S,FOB SLOT
BACKEND/ENSAMBLE FINAL,MINI OLA,CONECTOR QUEMADO,MANO DE OBRA,B&S,LF
BACKEND/ENSAMBLE FINAL,OLA,CONECTOR QUEMADO,MANO DE OBRA,B&S,TIPM LOGIC
BACKEND/ENSAMBLE FINAL,MINI OLA,CONECTOR QUEMADO,MANO DE OBRA,B&S,WIN
BACKEND/ENSAMBLE FINAL,MINI OLA,CONECTOR QUEMADO,MAQUINA,B&S,BCM
BACKEND/ENSAMBLE FINAL,OLA,CONECTOR QUEMADO,MAQUINA,B&S,BCM K2XX
BACKEND/ENSAMBLE FINAL,MINI OLA,CONECTOR QUEMADO,MAQUINA,B&S,BCM SQUARE D
BACKEND/ENSAMBLE FINAL,MINI OLA,CONECTOR QUEMADO,MAQUINA,B&S,ESCL
BACKEND/ENSAMBLE FINAL,OLA,CONECTOR QUEMADO,MAQUINA,B&S,FOB READER
BACKEND/ENSAMBLE FINAL,MINI OLA,CONECTOR QUEMADO,MAQUINA,B&S,GLOBAL A
BACKEND/ENSAMBLE FINAL,OLA,CONECTOR QUEMADO,MAQUINA,B&S,GLOBAL A
BACKEND/ENSAMBLE FINAL,MINI OLA,CONECTOR QUEMADO,MAQUINA,B&S,INTERNAL RECEIVER K2XX
BACKEND/ENSAMBLE FINAL,OLA,CONECTOR QUEMADO,MAQUINA,B&S,INTERNAL RECEIVER K2XX
BACKEND/ENSAMBLE FINAL,MINI OLA,CONECTOR QUEMADO,MAQUINA,B&S,KWANG JIN
BACKEND/ENSAMBLE FINAL,OLA,CONECTOR QUEMADO,MAQUINA,B&S,PEPS
BACKEND/ENSAMBLE FINAL,MINI OLA,CONECTOR QUEMADO,MAQUINA,B&S,RF TUNER
BACKEND/ENSAMBLE FINAL,MINI OLA,CONECTOR QUEMADO,MAQUINA,B&S,WEBASTO
BACKEND/ENSAMBLE FINAL,MINI OLA,CONECTOR QUEMADO,MAQUINA,PE,V8 V10
BACKEND/ENSAMBLE FINAL,OLA,CONECTOR QUEMADO,MAQUINA,PE,V8 V10
BACKEND/ENSAMBLE FINAL,OLA,CONECTOR QUEMADO,MAQUINA,PE,CEC
BACKEND/ENSAMBLE FINAL,MINI OLA,CONECTOR QUEMADO,MAQUINA,B&S,IDM
BACKEND/ENSAMBLE FINAL,OLA,CONECTOR QUEMADO,MAQUINA,B&S,IDM
BACKEND/ENSAMBLE FINAL,MINI OLA,CONECTOR QUEMADO,MAQUINA,B&S,M3C
BACKEND/ENSAMBLE FINAL,OLA,CONECTOR QUEMADO,MAQUINA,B&S,M3C
BACKEND/ENSAMBLE FINAL,MINI OLA,CONECTOR QUEMADO,MAQUINA,B&S,SIMOS 12.2
BACKEND/ENSAMBLE FINAL,OLA,CONECTOR QUEMADO,MAQUINA,B&S,SIMOS 12.2
BACKEND/ENSAMBLE FINAL,MINI OLA,CONECTOR QUEMADO,MAQUINA,B&S,SIMOS 18.2
BACKEND/ENSAMBLE FINAL,OLA,CONECTOR QUEMADO,MAQUINA,B&S,SIMOS 18.2
BACKEND/ENSAMBLE FINAL,MINI OLA,CONECTOR QUEMADO,MAQUINA,B&S,EMS 2208
BACKEND/ENSAMBLE FINAL,OLA,CONECTOR QUEMADO,MAQUINA,B&S,EMS 2208
BACKEND/ENSAMBLE FINAL,MINI OLA,CONECTOR QUEMADO,MAQUINA,B&S,EMS 2214
BACKEND/ENSAMBLE FINAL,OLA,CONECTOR QUEMADO,MAQUINA,B&S,EMS 2214
BACKEND/ENSAMBLE FINAL,MINI OLA,CONECTOR QUEMADO,MAQUINA,B&S,SID903
BACKEND/ENSAMBLE FINAL,OLA,CONECTOR QUEMADO,MAQUINA,B&S,SID903
BACKEND/ENSAMBLE FINAL,MINI OLA,CONECTOR QUEMADO,MAQUINA,B&S,SID904
BACKEND/ENSAMBLE FINAL,OLA,CONECTOR QUEMADO,MAQUINA,B&S,SID904
BACKEND/ENSAMBLE FINAL,OLA,CONECTOR QUEMADO,MAQUINA,B&S,SID908
BACKEND/ENSAMBLE FINAL,MINI OLA,CONECTOR QUEMADO,MAQUINA,B&S,SID910
BACKEND/ENSAMBLE FINAL,OLA,CONECTOR QUEMADO,MAQUINA,B&S,SID910
BACKEND/ENSAMBLE FINAL,MINI OLA,CONECTOR QUEMADO,MAQUINA,B&S,SID913
BACKEND/ENSAMBLE FINAL,OLA,CONECTOR QUEMADO,MAQUINA,B&S,SID913
BACKEND/ENSAMBLE FINAL,MINI OLA,CONECTOR QUEMADO,MAQUINA,B&S,ACM
BACKEND/ENSAMBLE FINAL,OLA,CONECTOR QUEMADO,MAQUINA,B&S,ACM
BACKEND/ENSAMBLE FINAL,MINI OLA,CONECTOR QUEMADO,MAQUINA,B&S,EVO
BACKEND/ENSAMBLE FINAL,OLA,CONECTOR QUEMADO,MAQUINA,B&S,EVO
BACKEND/ENSAMBLE FINAL,MINI OLA,CONECTOR QUEMADO,MAQUINA,B&S,BOSE BMW
BACKEND/ENSAMBLE FINAL,OLA,CONECTOR QUEMADO,MAQUINA,B&S,BOSE BMW
BACKEND/ENSAMBLE FINAL,MINI OLA,CONECTOR QUEMADO,MAQUINA,B&S,BOSE VW
BACKEND/ENSAMBLE FINAL,OLA,CONECTOR QUEMADO,MAQUINA,B&S,BOSE VW
BACKEND/ENSAMBLE FINAL,MINI OLA,CONECTOR QUEMADO,MAQUINA,B&S,OCS NISSAN
BACKEND/ENSAMBLE FINAL,OLA,CONECTOR QUEMADO,MAQUINA,B&S,OCS NISSAN
BACKEND/ENSAMBLE FINAL,MINI OLA,CONECTOR QUEMADO,MAQUINA,B&S,OCS SUZUKI
BACKEND/ENSAMBLE FINAL,OLA,CONECTOR QUEMADO,MAQUINA,B&S,OCS SUZUKI
BACKEND/ENSAMBLE FINAL,MINI OLA,CONECTOR QUEMADO,MAQUINA,B&S,ACCORD
BACKEND/ENSAMBLE FINAL,OLA,CONECTOR QUEMADO,MAQUINA,B&S,ACCORD
BACKEND/ENSAMBLE FINAL,MINI OLA,CONECTOR QUEMADO,MAQUINA,B&S,ARAMIS 2010
BACKEND/ENSAMBLE FINAL,OLA,CONECTOR QUEMADO,MAQUINA,B&S,ARAMIS 2010
BACKEND/ENSAMBLE FINAL,MINI OLA,CONECTOR QUEMADO,MAQUINA,B&S,ARAMIS 2011
BACKEND/ENSAMBLE FINAL,OLA,CONECTOR QUEMADO,MAQUINA,B&S,ARAMIS 2011
BACKEND/ENSAMBLE FINAL,MINI OLA,CONECTOR QUEMADO,MAQUINA,B&S,ARAMIS 2012
BACKEND/ENSAMBLE FINAL,OLA,CONECTOR QUEMADO,MAQUINA,B&S,ARAMIS 2012
BACKEND/ENSAMBLE FINAL,MINI OLA,CONECTOR QUEMADO,MAQUINA,B&S,ARAMIS 2013
BACKEND/ENSAMBLE FINAL,OLA,CONECTOR QUEMADO,MAQUINA,B&S,ARAMIS 2013
BACKEND/ENSAMBLE FINAL,MINI OLA,CONECTOR QUEMADO,MAQUINA,B&S,ARAMIS I
BACKEND/ENSAMBLE FINAL,OLA,CONECTOR QUEMADO,MAQUINA,B&S,ARAMIS I
BACKEND/ENSAMBLE FINAL,MINI OLA,CONECTOR QUEMADO,MAQUINA,B&S,ARAMIS II MCG
BACKEND/ENSAMBLE FINAL,OLA,CONECTOR QUEMADO,MAQUINA,B&S,ARAMIS II MCG
BACKEND/ENSAMBLE FINAL,MINI OLA,CONECTOR QUEMADO,MAQUINA,B&S,ARAMIS III
BACKEND/ENSAMBLE FINAL,OLA,CONECTOR QUEMADO,MAQUINA,B&S,ARAMIS III
BACKEND/ENSAMBLE FINAL,MINI OLA,CONECTOR QUEMADO,MAQUINA,B&S,CHRYSLER MY2013
BACKEND/ENSAMBLE FINAL,OLA,CONECTOR QUEMADO,MAQUINA,B&S,CHRYSLER MY2013
BACKEND/ENSAMBLE FINAL,MINI OLA,CONECTOR QUEMADO,MAQUINA,B&S,D3
BACKEND/ENSAMBLE FINAL,OLA,CONECTOR QUEMADO,MAQUINA,B&S,D3
BACKEND/ENSAMBLE FINAL,MINI OLA,CONECTOR QUEMADO,MAQUINA,B&S,FIAT BRAZIL
BACKEND/ENSAMBLE FINAL,OLA,CONECTOR QUEMADO,MAQUINA,B&S,FIAT BRAZIL
BACKEND/ENSAMBLE FINAL,MINI OLA,CONECTOR QUEMADO,MAQUINA,B&S,FORD
BACKEND/ENSAMBLE FINAL,OLA,CONECTOR QUEMADO,MAQUINA,B&S,FORD
BACKEND/ENSAMBLE FINAL,MINI OLA,CONECTOR QUEMADO,MAQUINA,B&S,HONDA HRS5
BACKEND/ENSAMBLE FINAL,OLA,CONECTOR QUEMADO,MAQUINA,B&S,HONDA HRS5
BACKEND/ENSAMBLE FINAL,MINI OLA,CONECTOR QUEMADO,MAQUINA,B&S,HONDA HRS6
BACKEND/ENSAMBLE FINAL,OLA,CONECTOR QUEMADO,MAQUINA,B&S,HONDA HRS6
BACKEND/ENSAMBLE FINAL,MINI OLA,CONECTOR QUEMADO,MAQUINA,B&S,HYUNDAI
BACKEND/ENSAMBLE FINAL,OLA,CONECTOR QUEMADO,MAQUINA,B&S,HYUNDAI
BACKEND/ENSAMBLE FINAL,MINI OLA,CONECTOR QUEMADO,MAQUINA,B&S,LEGACY
BACKEND/ENSAMBLE FINAL,OLA,CONECTOR QUEMADO,MAQUINA,B&S,LEGACY
BACKEND/ENSAMBLE FINAL,MINI OLA,CONECTOR QUEMADO,MAQUINA,B&S,RENAULT
BACKEND/ENSAMBLE FINAL,OLA,CONECTOR QUEMADO,MAQUINA,B&S,RENAULT
BACKEND/ENSAMBLE FINAL,MINI OLA,CONECTOR QUEMADO,MAQUINA,B&S,SDM10
BACKEND/ENSAMBLE FINAL,OLA,CONECTOR QUEMADO,MAQUINA,B&S,SDM10
BACKEND/ENSAMBLE FINAL,MINI OLA,CONECTOR QUEMADO,MAQUINA,B&S,SDM10+
BACKEND/ENSAMBLE FINAL,OLA,CONECTOR QUEMADO,MAQUINA,B&S,SDM10+
BACKEND/ENSAMBLE FINAL,MINI OLA,CONECTOR QUEMADO,MAQUINA,B&S,SDM30
BACKEND/ENSAMBLE FINAL,OLA,CONECTOR QUEMADO,MAQUINA,B&S,SDM30
BACKEND/ENSAMBLE FINAL,MINI OLA,CONECTOR QUEMADO,MAQUINA,B&S,VW10 LC
BACKEND/ENSAMBLE FINAL,OLA,CONECTOR QUEMADO,MAQUINA,B&S,VW10 LC
BACKEND/ENSAMBLE FINAL,MINI OLA,CONECTOR QUEMADO,MAQUINA,B&S,VW20 MQB
BACKEND/ENSAMBLE FINAL,OLA,CONECTOR QUEMADO,MAQUINA,B&S,VW20 MQB
BACKEND/ENSAMBLE FINAL,MINI OLA,CONECTOR QUEMADO,MAQUINA,B&S,ARMIN
BACKEND/ENSAMBLE FINAL,OLA,CONECTOR QUEMADO,MAQUINA,B&S,ARMIN
BACKEND/ENSAMBLE FINAL,MINI OLA,CONECTOR QUEMADO,MAQUINA,B&S,ASTON MARTIN
BACKEND/ENSAMBLE FINAL,OLA,CONECTOR QUEMADO,MAQUINA,B&S,ASTON MARTIN
BACKEND/ENSAMBLE FINAL,MINI OLA,CONECTOR QUEMADO,MAQUINA,B&S,DAIMLER SMART
BACKEND/ENSAMBLE FINAL,OLA,CONECTOR QUEMADO,MAQUINA,B&S,DAIMLER SMART
BACKEND/ENSAMBLE FINAL,MINI OLA,CONECTOR QUEMADO,MAQUINA,B&S,DAIMLER STAR 2
BACKEND/ENSAMBLE FINAL,OLA,CONECTOR QUEMADO,MAQUINA,B&S,DAIMLER STAR 2
BACKEND/ENSAMBLE FINAL,MINI OLA,CONECTOR QUEMADO,MAQUINA,B&S,DAIMLER STAR2_ISC
BACKEND/ENSAMBLE FINAL,OLA,CONECTOR QUEMADO,MAQUINA,B&S,DAIMLER STAR2_ISC
BACKEND/ENSAMBLE FINAL,MINI OLA,CONECTOR QUEMADO,MAQUINA,B&S,EPSILON
BACKEND/ENSAMBLE FINAL,OLA,CONECTOR QUEMADO,MAQUINA,B&S,EPSILON
BACKEND/ENSAMBLE FINAL,MINI OLA,CONECTOR QUEMADO,MAQUINA,B&S,GM BRASIL
BACKEND/ENSAMBLE FINAL,OLA,CONECTOR QUEMADO,MAQUINA,B&S,GM BRASIL
BACKEND/ENSAMBLE FINAL,MINI OLA,CONECTOR QUEMADO,MAQUINA,B&S,JAGUAR PED
BACKEND/ENSAMBLE FINAL,OLA,CONECTOR QUEMADO,MAQUINA,B&S,JAGUAR PED
BACKEND/ENSAMBLE FINAL,MINI OLA,CONECTOR QUEMADO,MAQUINA,B&S,JAGUAR X1
BACKEND/ENSAMBLE FINAL,OLA,CONECTOR QUEMADO,MAQUINA,B&S,JAGUAR X1
BACKEND/ENSAMBLE FINAL,MINI OLA,CONECTOR QUEMADO,MAQUINA,B&S,LAND ROVER
BACKEND/ENSAMBLE FINAL,OLA,CONECTOR QUEMADO,MAQUINA,B&S,LAND ROVER
BACKEND/ENSAMBLE FINAL,MINI OLA,CONECTOR QUEMADO,MAQUINA,B&S,OPEL 3300
BACKEND/ENSAMBLE FINAL,OLA,CONECTOR QUEMADO,MAQUINA,B&S,OPEL 3300
BACKEND/ENSAMBLE FINAL,MINI OLA,CONECTOR QUEMADO,MAQUINA,B&S,OPEL 3i
BACKEND/ENSAMBLE FINAL,OLA,CONECTOR QUEMADO,MAQUINA,B&S,OPEL 3i
BACKEND/ENSAMBLE FINAL,MINI OLA,CONECTOR QUEMADO,MAQUINA,B&S,OPEL 4400
BACKEND/ENSAMBLE FINAL,OLA,CONECTOR QUEMADO,MAQUINA,B&S,OPEL 4400
BACKEND/ENSAMBLE FINAL,MINI OLA,CONECTOR QUEMADO,MAQUINA,B&S,PSA CAN
BACKEND/ENSAMBLE FINAL,OLA,CONECTOR QUEMADO,MAQUINA,B&S,PSA CAN
BACKEND/ENSAMBLE FINAL,MINI OLA,CONECTOR QUEMADO,MAQUINA,B&S,PSA MAGNA
BACKEND/ENSAMBLE FINAL,OLA,CONECTOR QUEMADO,MAQUINA,B&S,PSA MAGNA
BACKEND/ENSAMBLE FINAL,MINI OLA,CONECTOR QUEMADO,MAQUINA,B&S,VOLVO P1
BACKEND/ENSAMBLE FINAL,OLA,CONECTOR QUEMADO,MAQUINA,B&S,VOLVO P1
BACKEND/ENSAMBLE FINAL,MINI OLA,CONECTOR QUEMADO,MAQUINA,B&S,VOLVO P15
BACKEND/ENSAMBLE FINAL,OLA,CONECTOR QUEMADO,MAQUINA,B&S,VOLVO P15
BACKEND/ENSAMBLE FINAL,MINI OLA,CONECTOR QUEMADO,MAQUINA,B&S,VW20
BACKEND/ENSAMBLE FINAL,OLA,CONECTOR QUEMADO,MAQUINA,B&S,VW20
BACKEND/ENSAMBLE FINAL,OLA,CONECTOR QUEMADO,MAQUINA,B&S,ANTENA
BACKEND/ENSAMBLE FINAL,MINI OLA,CONECTOR QUEMADO,MAQUINA,B&S,FOB SLOT
BACKEND/ENSAMBLE FINAL,MINI OLA,CONECTOR QUEMADO,MAQUINA,B&S,LF
BACKEND/ENSAMBLE FINAL,OLA,CONECTOR QUEMADO,MAQUINA,B&S,TIPM LOGIC
BACKEND/ENSAMBLE FINAL,MINI OLA,CONECTOR QUEMADO,MAQUINA,B&S,WIN
BACKEND/ENSAMBLE FINAL,MINI OLA,CONECTOR QUEMADO,METODO,B&S,BCM
BACKEND/ENSAMBLE FINAL,OLA,CONECTOR QUEMADO,METODO,B&S,BCM K2XX
BACKEND/ENSAMBLE FINAL,MINI OLA,CONECTOR QUEMADO,METODO,B&S,BCM SQUARE D
BACKEND/ENSAMBLE FINAL,MINI OLA,CONECTOR QUEMADO,METODO,B&S,ESCL
BACKEND/ENSAMBLE FINAL,OLA,CONECTOR QUEMADO,METODO,B&S,FOB READER
BACKEND/ENSAMBLE FINAL,MINI OLA,CONECTOR QUEMADO,METODO,B&S,GLOBAL A
BACKEND/ENSAMBLE FINAL,OLA,CONECTOR QUEMADO,METODO,B&S,GLOBAL A
BACKEND/ENSAMBLE FINAL,MINI OLA,CONECTOR QUEMADO,METODO,B&S,INTERNAL RECEIVER K2XX
BACKEND/ENSAMBLE FINAL,OLA,CONECTOR QUEMADO,METODO,B&S,INTERNAL RECEIVER K2XX
BACKEND/ENSAMBLE FINAL,MINI OLA,CONECTOR QUEMADO,METODO,B&S,KWANG JIN
BACKEND/ENSAMBLE FINAL,OLA,CONECTOR QUEMADO,METODO,B&S,PEPS
BACKEND/ENSAMBLE FINAL,MINI OLA,CONECTOR QUEMADO,METODO,B&S,RF TUNER
BACKEND/ENSAMBLE FINAL,MINI OLA,CONECTOR QUEMADO,METODO,B&S,WEBASTO
BACKEND/ENSAMBLE FINAL,MINI OLA,CONECTOR QUEMADO,METODO,PE,V8 V10
BACKEND/ENSAMBLE FINAL,OLA,CONECTOR QUEMADO,METODO,PE,V8 V10
BACKEND/ENSAMBLE FINAL,OLA,CONECTOR QUEMADO,METODO,PE,CEC
BACKEND/ENSAMBLE FINAL,MINI OLA,CONECTOR QUEMADO,METODO,B&S,IDM
BACKEND/ENSAMBLE FINAL,OLA,CONECTOR QUEMADO,METODO,B&S,IDM
BACKEND/ENSAMBLE FINAL,MINI OLA,CONECTOR QUEMADO,METODO,B&S,M3C
BACKEND/ENSAMBLE FINAL,OLA,CONECTOR QUEMADO,METODO,B&S,M3C
BACKEND/ENSAMBLE FINAL,MINI OLA,CONECTOR QUEMADO,METODO,B&S,SIMOS 12.2
BACKEND/ENSAMBLE FINAL,OLA,CONECTOR QUEMADO,METODO,B&S,SIMOS 12.2
BACKEND/ENSAMBLE FINAL,MINI OLA,CONECTOR QUEMADO,METODO,B&S,SIMOS 18.2
BACKEND/ENSAMBLE FINAL,OLA,CONECTOR QUEMADO,METODO,B&S,SIMOS 18.2
BACKEND/ENSAMBLE FINAL,MINI OLA,CONECTOR QUEMADO,METODO,B&S,EMS 2208
BACKEND/ENSAMBLE FINAL,OLA,CONECTOR QUEMADO,METODO,B&S,EMS 2208
BACKEND/ENSAMBLE FINAL,MINI OLA,CONECTOR QUEMADO,METODO,B&S,EMS 2214
BACKEND/ENSAMBLE FINAL,OLA,CONECTOR QUEMADO,METODO,B&S,EMS 2214
BACKEND/ENSAMBLE FINAL,MINI OLA,CONECTOR QUEMADO,METODO,B&S,SID903
BACKEND/ENSAMBLE FINAL,OLA,CONECTOR QUEMADO,METODO,B&S,SID903
BACKEND/ENSAMBLE FINAL,MINI OLA,CONECTOR QUEMADO,METODO,B&S,SID904
BACKEND/ENSAMBLE FINAL,OLA,CONECTOR QUEMADO,METODO,B&S,SID904
BACKEND/ENSAMBLE FINAL,OLA,CONECTOR QUEMADO,METODO,B&S,SID908
BACKEND/ENSAMBLE FINAL,MINI OLA,CONECTOR QUEMADO,METODO,B&S,SID910
BACKEND/ENSAMBLE FINAL,OLA,CONECTOR QUEMADO,METODO,B&S,SID910
BACKEND/ENSAMBLE FINAL,MINI OLA,CONECTOR QUEMADO,METODO,B&S,SID913
BACKEND/ENSAMBLE FINAL,OLA,CONECTOR QUEMADO,METODO,B&S,SID913
BACKEND/ENSAMBLE FINAL,MINI OLA,CONECTOR QUEMADO,METODO,B&S,ACM
BACKEND/ENSAMBLE FINAL,OLA,CONECTOR QUEMADO,METODO,B&S,ACM
BACKEND/ENSAMBLE FINAL,MINI OLA,CONECTOR QUEMADO,METODO,B&S,EVO
BACKEND/ENSAMBLE FINAL,OLA,CONECTOR QUEMADO,METODO,B&S,EVO
BACKEND/ENSAMBLE FINAL,MINI OLA,CONECTOR QUEMADO,METODO,B&S,BOSE BMW
BACKEND/ENSAMBLE FINAL,OLA,CONECTOR QUEMADO,METODO,B&S,BOSE BMW
BACKEND/ENSAMBLE FINAL,MINI OLA,CONECTOR QUEMADO,METODO,B&S,BOSE VW
BACKEND/ENSAMBLE FINAL,OLA,CONECTOR QUEMADO,METODO,B&S,BOSE VW
BACKEND/ENSAMBLE FINAL,MINI OLA,CONECTOR QUEMADO,METODO,B&S,OCS NISSAN
BACKEND/ENSAMBLE FINAL,OLA,CONECTOR QUEMADO,METODO,B&S,OCS NISSAN
BACKEND/ENSAMBLE FINAL,MINI OLA,CONECTOR QUEMADO,METODO,B&S,OCS SUZUKI
BACKEND/ENSAMBLE FINAL,OLA,CONECTOR QUEMADO,METODO,B&S,OCS SUZUKI
BACKEND/ENSAMBLE FINAL,MINI OLA,CONECTOR QUEMADO,METODO,B&S,ACCORD
BACKEND/ENSAMBLE FINAL,OLA,CONECTOR QUEMADO,METODO,B&S,ACCORD
BACKEND/ENSAMBLE FINAL,MINI OLA,CONECTOR QUEMADO,METODO,B&S,ARAMIS 2010
BACKEND/ENSAMBLE FINAL,OLA,CONECTOR QUEMADO,METODO,B&S,ARAMIS 2010
BACKEND/ENSAMBLE FINAL,MINI OLA,CONECTOR QUEMADO,METODO,B&S,ARAMIS 2011
BACKEND/ENSAMBLE FINAL,OLA,CONECTOR QUEMADO,METODO,B&S,ARAMIS 2011
BACKEND/ENSAMBLE FINAL,MINI OLA,CONECTOR QUEMADO,METODO,B&S,ARAMIS 2012
BACKEND/ENSAMBLE FINAL,OLA,CONECTOR QUEMADO,METODO,B&S,ARAMIS 2012
BACKEND/ENSAMBLE FINAL,MINI OLA,CONECTOR QUEMADO,METODO,B&S,ARAMIS 2013
BACKEND/ENSAMBLE FINAL,OLA,CONECTOR QUEMADO,METODO,B&S,ARAMIS 2013
BACKEND/ENSAMBLE FINAL,MINI OLA,CONECTOR QUEMADO,METODO,B&S,ARAMIS I
BACKEND/ENSAMBLE FINAL,OLA,CONECTOR QUEMADO,METODO,B&S,ARAMIS I
BACKEND/ENSAMBLE FINAL,MINI OLA,CONECTOR QUEMADO,METODO,B&S,ARAMIS II MCG
BACKEND/ENSAMBLE FINAL,OLA,CONECTOR QUEMADO,METODO,B&S,ARAMIS II MCG
BACKEND/ENSAMBLE FINAL,MINI OLA,CONECTOR QUEMADO,METODO,B&S,ARAMIS III
BACKEND/ENSAMBLE FINAL,OLA,CONECTOR QUEMADO,METODO,B&S,ARAMIS III
BACKEND/ENSAMBLE FINAL,MINI OLA,CONECTOR QUEMADO,METODO,B&S,CHRYSLER MY2013
BACKEND/ENSAMBLE FINAL,OLA,CONECTOR QUEMADO,METODO,B&S,CHRYSLER MY2013
BACKEND/ENSAMBLE FINAL,MINI OLA,CONECTOR QUEMADO,METODO,B&S,D3
BACKEND/ENSAMBLE FINAL,OLA,CONECTOR QUEMADO,METODO,B&S,D3
BACKEND/ENSAMBLE FINAL,MINI OLA,CONECTOR QUEMADO,METODO,B&S,FIAT BRAZIL
BACKEND/ENSAMBLE FINAL,OLA,CONECTOR QUEMADO,METODO,B&S,FIAT BRAZIL
BACKEND/ENSAMBLE FINAL,MINI OLA,CONECTOR QUEMADO,METODO,B&S,FORD
BACKEND/ENSAMBLE FINAL,OLA,CONECTOR QUEMADO,METODO,B&S,FORD
BACKEND/ENSAMBLE FINAL,MINI OLA,CONECTOR QUEMADO,METODO,B&S,HONDA HRS5
BACKEND/ENSAMBLE FINAL,OLA,CONECTOR QUEMADO,METODO,B&S,HONDA HRS5
BACKEND/ENSAMBLE FINAL,MINI OLA,CONECTOR QUEMADO,METODO,B&S,HONDA HRS6
BACKEND/ENSAMBLE FINAL,OLA,CONECTOR QUEMADO,METODO,B&S,HONDA HRS6
BACKEND/ENSAMBLE FINAL,MINI OLA,CONECTOR QUEMADO,METODO,B&S,HYUNDAI
BACKEND/ENSAMBLE FINAL,OLA,CONECTOR QUEMADO,METODO,B&S,HYUNDAI
BACKEND/ENSAMBLE FINAL,MINI OLA,CONECTOR QUEMADO,METODO,B&S,LEGACY
BACKEND/ENSAMBLE FINAL,OLA,CONECTOR QUEMADO,METODO,B&S,LEGACY
BACKEND/ENSAMBLE FINAL,MINI OLA,CONECTOR QUEMADO,METODO,B&S,RENAULT
BACKEND/ENSAMBLE FINAL,OLA,CONECTOR QUEMADO,METODO,B&S,RENAULT
BACKEND/ENSAMBLE FINAL,MINI OLA,CONECTOR QUEMADO,METODO,B&S,SDM10
BACKEND/ENSAMBLE FINAL,OLA,CONECTOR QUEMADO,METODO,B&S,SDM10
BACKEND/ENSAMBLE FINAL,MINI OLA,CONECTOR QUEMADO,METODO,B&S,SDM10+
BACKEND/ENSAMBLE FINAL,OLA,CONECTOR QUEMADO,METODO,B&S,SDM10+
BACKEND/ENSAMBLE FINAL,MINI OLA,CONECTOR QUEMADO,METODO,B&S,SDM30
BACKEND/ENSAMBLE FINAL,OLA,CONECTOR QUEMADO,METODO,B&S,SDM30
BACKEND/ENSAMBLE FINAL,MINI OLA,CONECTOR QUEMADO,METODO,B&S,VW10 LC
BACKEND/ENSAMBLE FINAL,OLA,CONECTOR QUEMADO,METODO,B&S,VW10 LC
BACKEND/ENSAMBLE FINAL,MINI OLA,CONECTOR QUEMADO,METODO,B&S,VW20 MQB
BACKEND/ENSAMBLE FINAL,OLA,CONECTOR QUEMADO,METODO,B&S,VW20 MQB
BACKEND/ENSAMBLE FINAL,MINI OLA,CONECTOR QUEMADO,METODO,B&S,ARMIN
BACKEND/ENSAMBLE FINAL,OLA,CONECTOR QUEMADO,METODO,B&S,ARMIN
BACKEND/ENSAMBLE FINAL,MINI OLA,CONECTOR QUEMADO,METODO,B&S,ASTON MARTIN
BACKEND/ENSAMBLE FINAL,OLA,CONECTOR QUEMADO,METODO,B&S,ASTON MARTIN
BACKEND/ENSAMBLE FINAL,MINI OLA,CONECTOR QUEMADO,METODO,B&S,DAIMLER SMART
BACKEND/ENSAMBLE FINAL,OLA,CONECTOR QUEMADO,METODO,B&S,DAIMLER SMART
BACKEND/ENSAMBLE FINAL,MINI OLA,CONECTOR QUEMADO,METODO,B&S,DAIMLER STAR 2
BACKEND/ENSAMBLE FINAL,OLA,CONECTOR QUEMADO,METODO,B&S,DAIMLER STAR 2
BACKEND/ENSAMBLE FINAL,MINI OLA,CONECTOR QUEMADO,METODO,B&S,DAIMLER STAR2_ISC
BACKEND/ENSAMBLE FINAL,OLA,CONECTOR QUEMADO,METODO,B&S,DAIMLER STAR2_ISC
BACKEND/ENSAMBLE FINAL,MINI OLA,CONECTOR QUEMADO,METODO,B&S,EPSILON
BACKEND/ENSAMBLE FINAL,OLA,CONECTOR QUEMADO,METODO,B&S,EPSILON
BACKEND/ENSAMBLE FINAL,MINI OLA,CONECTOR QUEMADO,METODO,B&S,GM BRASIL
BACKEND/ENSAMBLE FINAL,OLA,CONECTOR QUEMADO,METODO,B&S,GM BRASIL
BACKEND/ENSAMBLE FINAL,MINI OLA,CONECTOR QUEMADO,METODO,B&S,JAGUAR PED
BACKEND/ENSAMBLE FINAL,OLA,CONECTOR QUEMADO,METODO,B&S,JAGUAR PED
BACKEND/ENSAMBLE FINAL,MINI OLA,CONECTOR QUEMADO,METODO,B&S,JAGUAR X1
BACKEND/ENSAMBLE FINAL,OLA,CONECTOR QUEMADO,METODO,B&S,JAGUAR X1
BACKEND/ENSAMBLE FINAL,MINI OLA,CONECTOR QUEMADO,METODO,B&S,LAND ROVER
BACKEND/ENSAMBLE FINAL,OLA,CONECTOR QUEMADO,METODO,B&S,LAND ROVER
BACKEND/ENSAMBLE FINAL,MINI OLA,CONECTOR QUEMADO,METODO,B&S,OPEL 3300
BACKEND/ENSAMBLE FINAL,OLA,CONECTOR QUEMADO,METODO,B&S,OPEL 3300
BACKEND/ENSAMBLE FINAL,MINI OLA,CONECTOR QUEMADO,METODO,B&S,OPEL 3i
BACKEND/ENSAMBLE FINAL,OLA,CONECTOR QUEMADO,METODO,B&S,OPEL 3i
BACKEND/ENSAMBLE FINAL,MINI OLA,CONECTOR QUEMADO,METODO,B&S,OPEL 4400
BACKEND/ENSAMBLE FINAL,OLA,CONECTOR QUEMADO,METODO,B&S,OPEL 4400
BACKEND/ENSAMBLE FINAL,MINI OLA,CONECTOR QUEMADO,METODO,B&S,PSA CAN
BACKEND/ENSAMBLE FINAL,OLA,CONECTOR QUEMADO,METODO,B&S,PSA CAN
BACKEND/ENSAMBLE FINAL,MINI OLA,CONECTOR QUEMADO,METODO,B&S,PSA MAGNA
BACKEND/ENSAMBLE FINAL,OLA,CONECTOR QUEMADO,METODO,B&S,PSA MAGNA
BACKEND/ENSAMBLE FINAL,MINI OLA,CONECTOR QUEMADO,METODO,B&S,VOLVO P1
BACKEND/ENSAMBLE FINAL,OLA,CONECTOR QUEMADO,METODO,B&S,VOLVO P1
BACKEND/ENSAMBLE FINAL,MINI OLA,CONECTOR QUEMADO,METODO,B&S,VOLVO P15
BACKEND/ENSAMBLE FINAL,OLA,CONECTOR QUEMADO,METODO,B&S,VOLVO P15
BACKEND/ENSAMBLE FINAL,MINI OLA,CONECTOR QUEMADO,METODO,B&S,VW20
BACKEND/ENSAMBLE FINAL,OLA,CONECTOR QUEMADO,METODO,B&S,VW20
BACKEND/ENSAMBLE FINAL,OLA,CONECTOR QUEMADO,METODO,B&S,ANTENA
BACKEND/ENSAMBLE FINAL,MINI OLA,CONECTOR QUEMADO,METODO,B&S,FOB SLOT
BACKEND/ENSAMBLE FINAL,MINI OLA,CONECTOR QUEMADO,METODO,B&S,LF
BACKEND/ENSAMBLE FINAL,OLA,CONECTOR QUEMADO,METODO,B&S,TIPM LOGIC
BACKEND/ENSAMBLE FINAL,MINI OLA,CONECTOR QUEMADO,METODO,B&S,WIN
BACKEND/ENSAMBLE FINAL,MINI OLA,CONECTOR QUEMADO,PROVEEDOR,B&S,BCM
BACKEND/ENSAMBLE FINAL,OLA,CONECTOR QUEMADO,PROVEEDOR,B&S,BCM K2XX
BACKEND/ENSAMBLE FINAL,MINI OLA,CONECTOR QUEMADO,PROVEEDOR,B&S,BCM SQUARE D
BACKEND/ENSAMBLE FINAL,MINI OLA,CONECTOR QUEMADO,PROVEEDOR,B&S,ESCL
BACKEND/ENSAMBLE FINAL,OLA,CONECTOR QUEMADO,PROVEEDOR,B&S,FOB READER
BACKEND/ENSAMBLE FINAL,MINI OLA,CONECTOR QUEMADO,PROVEEDOR,B&S,GLOBAL A
BACKEND/ENSAMBLE FINAL,OLA,CONECTOR QUEMADO,PROVEEDOR,B&S,GLOBAL A
BACKEND/ENSAMBLE FINAL,MINI OLA,CONECTOR QUEMADO,PROVEEDOR,B&S,INTERNAL RECEIVER K2XX
BACKEND/ENSAMBLE FINAL,OLA,CONECTOR QUEMADO,PROVEEDOR,B&S,INTERNAL RECEIVER K2XX
BACKEND/ENSAMBLE FINAL,MINI OLA,CONECTOR QUEMADO,PROVEEDOR,B&S,KWANG JIN
BACKEND/ENSAMBLE FINAL,OLA,CONECTOR QUEMADO,PROVEEDOR,B&S,PEPS
BACKEND/ENSAMBLE FINAL,MINI OLA,CONECTOR QUEMADO,PROVEEDOR,B&S,RF TUNER
BACKEND/ENSAMBLE FINAL,MINI OLA,CONECTOR QUEMADO,PROVEEDOR,B&S,WEBASTO
BACKEND/ENSAMBLE FINAL,MINI OLA,CONECTOR QUEMADO,PROVEEDOR,PE,V8 V10
BACKEND/ENSAMBLE FINAL,OLA,CONECTOR QUEMADO,PROVEEDOR,PE,V8 V10
BACKEND/ENSAMBLE FINAL,OLA,CONECTOR QUEMADO,PROVEEDOR,PE,CEC
BACKEND/ENSAMBLE FINAL,MINI OLA,CONECTOR QUEMADO,PROVEEDOR,B&S,IDM
BACKEND/ENSAMBLE FINAL,OLA,CONECTOR QUEMADO,PROVEEDOR,B&S,IDM
BACKEND/ENSAMBLE FINAL,MINI OLA,CONECTOR QUEMADO,PROVEEDOR,B&S,M3C
BACKEND/ENSAMBLE FINAL,OLA,CONECTOR QUEMADO,PROVEEDOR,B&S,M3C
BACKEND/ENSAMBLE FINAL,MINI OLA,CONECTOR QUEMADO,PROVEEDOR,B&S,SIMOS 12.2
BACKEND/ENSAMBLE FINAL,OLA,CONECTOR QUEMADO,PROVEEDOR,B&S,SIMOS 12.2
BACKEND/ENSAMBLE FINAL,MINI OLA,CONECTOR QUEMADO,PROVEEDOR,B&S,SIMOS 18.2
BACKEND/ENSAMBLE FINAL,OLA,CONECTOR QUEMADO,PROVEEDOR,B&S,SIMOS 18.2
BACKEND/ENSAMBLE FINAL,MINI OLA,CONECTOR QUEMADO,PROVEEDOR,B&S,EMS 2208
BACKEND/ENSAMBLE FINAL,OLA,CONECTOR QUEMADO,PROVEEDOR,B&S,EMS 2208
BACKEND/ENSAMBLE FINAL,MINI OLA,CONECTOR QUEMADO,PROVEEDOR,B&S,EMS 2214
BACKEND/ENSAMBLE FINAL,OLA,CONECTOR QUEMADO,PROVEEDOR,B&S,EMS 2214
BACKEND/ENSAMBLE FINAL,MINI OLA,CONECTOR QUEMADO,PROVEEDOR,B&S,SID903
BACKEND/ENSAMBLE FINAL,OLA,CONECTOR QUEMADO,PROVEEDOR,B&S,SID903
BACKEND/ENSAMBLE FINAL,MINI OLA,CONECTOR QUEMADO,PROVEEDOR,B&S,SID904
BACKEND/ENSAMBLE FINAL,OLA,CONECTOR QUEMADO,PROVEEDOR,B&S,SID904
BACKEND/ENSAMBLE FINAL,OLA,CONECTOR QUEMADO,PROVEEDOR,B&S,SID908
BACKEND/ENSAMBLE FINAL,MINI OLA,CONECTOR QUEMADO,PROVEEDOR,B&S,SID910
BACKEND/ENSAMBLE FINAL,OLA,CONECTOR QUEMADO,PROVEEDOR,B&S,SID910
BACKEND/ENSAMBLE FINAL,MINI OLA,CONECTOR QUEMADO,PROVEEDOR,B&S,SID913
BACKEND/ENSAMBLE FINAL,OLA,CONECTOR QUEMADO,PROVEEDOR,B&S,SID913
BACKEND/ENSAMBLE FINAL,MINI OLA,CONECTOR QUEMADO,PROVEEDOR,B&S,ACM
BACKEND/ENSAMBLE FINAL,OLA,CONECTOR QUEMADO,PROVEEDOR,B&S,ACM
BACKEND/ENSAMBLE FINAL,MINI OLA,CONECTOR QUEMADO,PROVEEDOR,B&S,EVO
BACKEND/ENSAMBLE FINAL,OLA,CONECTOR QUEMADO,PROVEEDOR,B&S,EVO
BACKEND/ENSAMBLE FINAL,MINI OLA,CONECTOR QUEMADO,PROVEEDOR,B&S,BOSE BMW
BACKEND/ENSAMBLE FINAL,OLA,CONECTOR QUEMADO,PROVEEDOR,B&S,BOSE BMW
BACKEND/ENSAMBLE FINAL,MINI OLA,CONECTOR QUEMADO,PROVEEDOR,B&S,BOSE VW
BACKEND/ENSAMBLE FINAL,OLA,CONECTOR QUEMADO,PROVEEDOR,B&S,BOSE VW
BACKEND/ENSAMBLE FINAL,MINI OLA,CONECTOR QUEMADO,PROVEEDOR,B&S,OCS NISSAN
BACKEND/ENSAMBLE FINAL,OLA,CONECTOR QUEMADO,PROVEEDOR,B&S,OCS NISSAN
BACKEND/ENSAMBLE FINAL,MINI OLA,CONECTOR QUEMADO,PROVEEDOR,B&S,OCS SUZUKI
BACKEND/ENSAMBLE FINAL,OLA,CONECTOR QUEMADO,PROVEEDOR,B&S,OCS SUZUKI
BACKEND/ENSAMBLE FINAL,MINI OLA,CONECTOR QUEMADO,PROVEEDOR,B&S,ACCORD
BACKEND/ENSAMBLE FINAL,OLA,CONECTOR QUEMADO,PROVEEDOR,B&S,ACCORD
BACKEND/ENSAMBLE FINAL,MINI OLA,CONECTOR QUEMADO,PROVEEDOR,B&S,ARAMIS 2010
BACKEND/ENSAMBLE FINAL,OLA,CONECTOR QUEMADO,PROVEEDOR,B&S,ARAMIS 2010
BACKEND/ENSAMBLE FINAL,MINI OLA,CONECTOR QUEMADO,PROVEEDOR,B&S,ARAMIS 2011
BACKEND/ENSAMBLE FINAL,OLA,CONECTOR QUEMADO,PROVEEDOR,B&S,ARAMIS 2011
BACKEND/ENSAMBLE FINAL,MINI OLA,CONECTOR QUEMADO,PROVEEDOR,B&S,ARAMIS 2012
BACKEND/ENSAMBLE FINAL,OLA,CONECTOR QUEMADO,PROVEEDOR,B&S,ARAMIS 2012
BACKEND/ENSAMBLE FINAL,MINI OLA,CONECTOR QUEMADO,PROVEEDOR,B&S,ARAMIS 2013
BACKEND/ENSAMBLE FINAL,OLA,CONECTOR QUEMADO,PROVEEDOR,B&S,ARAMIS 2013
BACKEND/ENSAMBLE FINAL,MINI OLA,CONECTOR QUEMADO,PROVEEDOR,B&S,ARAMIS I
BACKEND/ENSAMBLE FINAL,OLA,CONECTOR QUEMADO,PROVEEDOR,B&S,ARAMIS I
BACKEND/ENSAMBLE FINAL,MINI OLA,CONECTOR QUEMADO,PROVEEDOR,B&S,ARAMIS II MCG
BACKEND/ENSAMBLE FINAL,OLA,CONECTOR QUEMADO,PROVEEDOR,B&S,ARAMIS II MCG
BACKEND/ENSAMBLE FINAL,MINI OLA,CONECTOR QUEMADO,PROVEEDOR,B&S,ARAMIS III
BACKEND/ENSAMBLE FINAL,OLA,CONECTOR QUEMADO,PROVEEDOR,B&S,ARAMIS III
BACKEND/ENSAMBLE FINAL,MINI OLA,CONECTOR QUEMADO,PROVEEDOR,B&S,CHRYSLER MY2013
BACKEND/ENSAMBLE FINAL,OLA,CONECTOR QUEMADO,PROVEEDOR,B&S,CHRYSLER MY2013
BACKEND/ENSAMBLE FINAL,MINI OLA,CONECTOR QUEMADO,PROVEEDOR,B&S,D3
BACKEND/ENSAMBLE FINAL,OLA,CONECTOR QUEMADO,PROVEEDOR,B&S,D3
BACKEND/ENSAMBLE FINAL,MINI OLA,CONECTOR QUEMADO,PROVEEDOR,B&S,FIAT BRAZIL
BACKEND/ENSAMBLE FINAL,OLA,CONECTOR QUEMADO,PROVEEDOR,B&S,FIAT BRAZIL
BACKEND/ENSAMBLE FINAL,MINI OLA,CONECTOR QUEMADO,PROVEEDOR,B&S,FORD
BACKEND/ENSAMBLE FINAL,OLA,CONECTOR QUEMADO,PROVEEDOR,B&S,FORD
BACKEND/ENSAMBLE FINAL,MINI OLA,CONECTOR QUEMADO,PROVEEDOR,B&S,HONDA HRS5
BACKEND/ENSAMBLE FINAL,OLA,CONECTOR QUEMADO,PROVEEDOR,B&S,HONDA HRS5
BACKEND/ENSAMBLE FINAL,MINI OLA,CONECTOR QUEMADO,PROVEEDOR,B&S,HONDA HRS6
BACKEND/ENSAMBLE FINAL,OLA,CONECTOR QUEMADO,PROVEEDOR,B&S,HONDA HRS6
BACKEND/ENSAMBLE FINAL,MINI OLA,CONECTOR QUEMADO,PROVEEDOR,B&S,HYUNDAI
BACKEND/ENSAMBLE FINAL,OLA,CONECTOR QUEMADO,PROVEEDOR,B&S,HYUNDAI
BACKEND/ENSAMBLE FINAL,MINI OLA,CONECTOR QUEMADO,PROVEEDOR,B&S,LEGACY
BACKEND/ENSAMBLE FINAL,OLA,CONECTOR QUEMADO,PROVEEDOR,B&S,LEGACY
BACKEND/ENSAMBLE FINAL,MINI OLA,CONECTOR QUEMADO,PROVEEDOR,B&S,RENAULT
BACKEND/ENSAMBLE FINAL,OLA,CONECTOR QUEMADO,PROVEEDOR,B&S,RENAULT
BACKEND/ENSAMBLE FINAL,MINI OLA,CONECTOR QUEMADO,PROVEEDOR,B&S,SDM10
BACKEND/ENSAMBLE FINAL,OLA,CONECTOR QUEMADO,PROVEEDOR,B&S,SDM10
BACKEND/ENSAMBLE FINAL,MINI OLA,CONECTOR QUEMADO,PROVEEDOR,B&S,SDM10+
BACKEND/ENSAMBLE FINAL,OLA,CONECTOR QUEMADO,PROVEEDOR,B&S,SDM10+
BACKEND/ENSAMBLE FINAL,MINI OLA,CONECTOR QUEMADO,PROVEEDOR,B&S,SDM30
BACKEND/ENSAMBLE FINAL,OLA,CONECTOR QUEMADO,PROVEEDOR,B&S,SDM30
BACKEND/ENSAMBLE FINAL,MINI OLA,CONECTOR QUEMADO,PROVEEDOR,B&S,VW10 LC
BACKEND/ENSAMBLE FINAL,OLA,CONECTOR QUEMADO,PROVEEDOR,B&S,VW10 LC
BACKEND/ENSAMBLE FINAL,MINI OLA,CONECTOR QUEMADO,PROVEEDOR,B&S,VW20 MQB
BACKEND/ENSAMBLE FINAL,OLA,CONECTOR QUEMADO,PROVEEDOR,B&S,VW20 MQB
BACKEND/ENSAMBLE FINAL,MINI OLA,CONECTOR QUEMADO,PROVEEDOR,B&S,ARMIN
BACKEND/ENSAMBLE FINAL,OLA,CONECTOR QUEMADO,PROVEEDOR,B&S,ARMIN
BACKEND/ENSAMBLE FINAL,MINI OLA,CONECTOR QUEMADO,PROVEEDOR,B&S,ASTON MARTIN
BACKEND/ENSAMBLE FINAL,OLA,CONECTOR QUEMADO,PROVEEDOR,B&S,ASTON MARTIN
BACKEND/ENSAMBLE FINAL,MINI OLA,CONECTOR QUEMADO,PROVEEDOR,B&S,DAIMLER SMART
BACKEND/ENSAMBLE FINAL,OLA,CONECTOR QUEMADO,PROVEEDOR,B&S,DAIMLER SMART
BACKEND/ENSAMBLE FINAL,MINI OLA,CONECTOR QUEMADO,PROVEEDOR,B&S,DAIMLER STAR 2
BACKEND/ENSAMBLE FINAL,OLA,CONECTOR QUEMADO,PROVEEDOR,B&S,DAIMLER STAR 2
BACKEND/ENSAMBLE FINAL,MINI OLA,CONECTOR QUEMADO,PROVEEDOR,B&S,DAIMLER STAR2_ISC
BACKEND/ENSAMBLE FINAL,OLA,CONECTOR QUEMADO,PROVEEDOR,B&S,DAIMLER STAR2_ISC
BACKEND/ENSAMBLE FINAL,MINI OLA,CONECTOR QUEMADO,PROVEEDOR,B&S,EPSILON
BACKEND/ENSAMBLE FINAL,OLA,CONECTOR QUEMADO,PROVEEDOR,B&S,EPSILON
BACKEND/ENSAMBLE FINAL,MINI OLA,CONECTOR QUEMADO,PROVEEDOR,B&S,GM BRASIL
BACKEND/ENSAMBLE FINAL,OLA,CONECTOR QUEMADO,PROVEEDOR,B&S,GM BRASIL
BACKEND/ENSAMBLE FINAL,MINI OLA,CONECTOR QUEMADO,PROVEEDOR,B&S,JAGUAR PED
BACKEND/ENSAMBLE FINAL,OLA,CONECTOR QUEMADO,PROVEEDOR,B&S,JAGUAR PED
BACKEND/ENSAMBLE FINAL,MINI OLA,CONECTOR QUEMADO,PROVEEDOR,B&S,JAGUAR X1
BACKEND/ENSAMBLE FINAL,OLA,CONECTOR QUEMADO,PROVEEDOR,B&S,JAGUAR X1
BACKEND/ENSAMBLE FINAL,MINI OLA,CONECTOR QUEMADO,PROVEEDOR,B&S,LAND ROVER
BACKEND/ENSAMBLE FINAL,OLA,CONECTOR QUEMADO,PROVEEDOR,B&S,LAND ROVER
BACKEND/ENSAMBLE FINAL,MINI OLA,CONECTOR QUEMADO,PROVEEDOR,B&S,OPEL 3300
BACKEND/ENSAMBLE FINAL,OLA,CONECTOR QUEMADO,PROVEEDOR,B&S,OPEL 3300
BACKEND/ENSAMBLE FINAL,MINI OLA,CONECTOR QUEMADO,PROVEEDOR,B&S,OPEL 3i
BACKEND/ENSAMBLE FINAL,OLA,CONECTOR QUEMADO,PROVEEDOR,B&S,OPEL 3i
BACKEND/ENSAMBLE FINAL,MINI OLA,CONECTOR QUEMADO,PROVEEDOR,B&S,OPEL 4400
BACKEND/ENSAMBLE FINAL,OLA,CONECTOR QUEMADO,PROVEEDOR,B&S,OPEL 4400
BACKEND/ENSAMBLE FINAL,MINI OLA,CONECTOR QUEMADO,PROVEEDOR,B&S,PSA CAN
BACKEND/ENSAMBLE FINAL,OLA,CONECTOR QUEMADO,PROVEEDOR,B&S,PSA CAN
BACKEND/ENSAMBLE FINAL,MINI OLA,CONECTOR QUEMADO,PROVEEDOR,B&S,PSA MAGNA
BACKEND/ENSAMBLE FINAL,OLA,CONECTOR QUEMADO,PROVEEDOR,B&S,PSA MAGNA
BACKEND/ENSAMBLE FINAL,MINI OLA,CONECTOR QUEMADO,PROVEEDOR,B&S,VOLVO P1
BACKEND/ENSAMBLE FINAL,OLA,CONECTOR QUEMADO,PROVEEDOR,B&S,VOLVO P1
BACKEND/ENSAMBLE FINAL,MINI OLA,CONECTOR QUEMADO,PROVEEDOR,B&S,VOLVO P15
BACKEND/ENSAMBLE FINAL,OLA,CONECTOR QUEMADO,PROVEEDOR,B&S,VOLVO P15
BACKEND/ENSAMBLE FINAL,MINI OLA,CONECTOR QUEMADO,PROVEEDOR,B&S,VW20
BACKEND/ENSAMBLE FINAL,OLA,CONECTOR QUEMADO,PROVEEDOR,B&S,VW20
BACKEND/ENSAMBLE FINAL,OLA,CONECTOR QUEMADO,PROVEEDOR,B&S,ANTENA
BACKEND/ENSAMBLE FINAL,MINI OLA,CONECTOR QUEMADO,PROVEEDOR,B&S,FOB SLOT
BACKEND/ENSAMBLE FINAL,MINI OLA,CONECTOR QUEMADO,PROVEEDOR,B&S,LF
BACKEND/ENSAMBLE FINAL,OLA,CONECTOR QUEMADO,PROVEEDOR,B&S,TIPM LOGIC
BACKEND/ENSAMBLE FINAL,MINI OLA,CONECTOR QUEMADO,PROVEEDOR,B&S,WIN
BACKEND/ENSAMBLE FINAL,PRUEBA FINAL,ETIQUETA DAÑADA,MANO DE OBRA,B&S,BCM
BACKEND/ENSAMBLE FINAL,PRUEBA FINAL,ETIQUETA DAÑADA,MANO DE OBRA,B&S,BCM K2XX
BACKEND/ENSAMBLE FINAL,PRUEBA FINAL,ETIQUETA DAÑADA,MANO DE OBRA,B&S,BCM SQUARE D
BACKEND/ENSAMBLE FINAL,PRUEBA FINAL,ETIQUETA DAÑADA,MANO DE OBRA,B&S,CMF1
BACKEND/ENSAMBLE FINAL,PRUEBA FINAL,ETIQUETA DAÑADA,MANO DE OBRA,B&S,ESCL
BACKEND/ENSAMBLE FINAL,PRUEBA FINAL,ETIQUETA DAÑADA,MANO DE OBRA,B&S,EXTERNAL RECEIVER K2XX
BACKEND/ENSAMBLE FINAL,PRUEBA FINAL,ETIQUETA DAÑADA,MANO DE OBRA,B&S,FOB READER
BACKEND/ENSAMBLE FINAL,PRUEBA FINAL,ETIQUETA DAÑADA,MANO DE OBRA,B&S,GLOBAL A
BACKEND/ENSAMBLE FINAL,PRUEBA FINAL,ETIQUETA DAÑADA,MANO DE OBRA,B&S,INTERNAL RECEIVER K2XX
BACKEND/ENSAMBLE FINAL,PRUEBA FINAL,ETIQUETA DAÑADA,MANO DE OBRA,B&S,KEY FOB
BACKEND/ENSAMBLE FINAL,PRUEBA FINAL,ETIQUETA DAÑADA,MANO DE OBRA,B&S,KWANG JIN
BACKEND/ENSAMBLE FINAL,PRUEBA FINAL,ETIQUETA DAÑADA,MANO DE OBRA,B&S,NISSAN KEY FOB 4TH BUNDLE
BACKEND/ENSAMBLE FINAL,PRUEBA FINAL,ETIQUETA DAÑADA,MANO DE OBRA,B&S,NISSAN KEY FOB CMF1
BACKEND/ENSAMBLE FINAL,PRUEBA FINAL,ETIQUETA DAÑADA,MANO DE OBRA,B&S,NISSAN KEY FOB SQUARE D
BACKEND/ENSAMBLE FINAL,PRUEBA FINAL,ETIQUETA DAÑADA,MANO DE OBRA,B&S,PATS
BACKEND/ENSAMBLE FINAL,PRUEBA FINAL,ETIQUETA DAÑADA,MANO DE OBRA,B&S,PEPS
BACKEND/ENSAMBLE FINAL,PRUEBA FINAL,ETIQUETA DAÑADA,MANO DE OBRA,B&S,PK MY 13 FORD
BACKEND/ENSAMBLE FINAL,PRUEBA FINAL,ETIQUETA DAÑADA,MANO DE OBRA,B&S,PK MY14 LINCOLN
BACKEND/ENSAMBLE FINAL,PRUEBA FINAL,ETIQUETA DAÑADA,MANO DE OBRA,B&S,PQ GATEWAY MY13
BACKEND/ENSAMBLE FINAL,PRUEBA FINAL,ETIQUETA DAÑADA,MANO DE OBRA,B&S,PQ25 LP3
BACKEND/ENSAMBLE FINAL,PRUEBA FINAL,ETIQUETA DAÑADA,MANO DE OBRA,B&S,PQ35 5TA GENERACIÓN
BACKEND/ENSAMBLE FINAL,PRUEBA FINAL,ETIQUETA DAÑADA,MANO DE OBRA,B&S,PQ35 6ta Gen
BACKEND/ENSAMBLE FINAL,PRUEBA FINAL,ETIQUETA DAÑADA,MANO DE OBRA,B&S,RECEIVER
BACKEND/ENSAMBLE FINAL,PRUEBA FINAL,ETIQUETA DAÑADA,MANO DE OBRA,B&S,RF TUNER
BACKEND/ENSAMBLE FINAL,PRUEBA FINAL,ETIQUETA DAÑADA,MANO DE OBRA,B&S,WEBASTO
BACKEND/ENSAMBLE FINAL,PRUEBA FINAL,ETIQUETA DAÑADA,MANO DE OBRA,B&S 3,BIDIR FOB HONDA MY14
BACKEND/ENSAMBLE FINAL,PRUEBA FINAL,ETIQUETA DAÑADA,MANO DE OBRA,B&S 3,FOB HONDA MY14
BACKEND/ENSAMBLE FINAL,PRUEBA FINAL,ETIQUETA DAÑADA,MANO DE OBRA,B&S 3,PCU HONDA MY14
BACKEND/ENSAMBLE FINAL,PRUEBA FINAL,ETIQUETA DAÑADA,MANO DE OBRA,B&S 3,TRX HONDA MY14
BACKEND/ENSAMBLE FINAL,PRUEBA FINAL,ETIQUETA DAÑADA,MANO DE OBRA,PE,CEC
BACKEND/ENSAMBLE FINAL,PRUEBA FINAL,ETIQUETA DAÑADA,MANO DE OBRA,PE,IDM
BACKEND/ENSAMBLE FINAL,PRUEBA FINAL,ETIQUETA DAÑADA,MANO DE OBRA,PE,SID903
BACKEND/ENSAMBLE FINAL,PRUEBA FINAL,ETIQUETA DAÑADA,MANO DE OBRA,PE,SID904
BACKEND/ENSAMBLE FINAL,PRUEBA FINAL,ETIQUETA DAÑADA,MANO DE OBRA,PE,SID908
BACKEND/ENSAMBLE FINAL,PRUEBA FINAL,ETIQUETA DAÑADA,MANO DE OBRA,PE,SID910
BACKEND/ENSAMBLE FINAL,PRUEBA FINAL,ETIQUETA DAÑADA,MANO DE OBRA,PE,SID913
BACKEND/ENSAMBLE FINAL,PRUEBA FINAL,ETIQUETA DAÑADA,MANO DE OBRA,PE,ACM
BACKEND/ENSAMBLE FINAL,PRUEBA FINAL,ETIQUETA DAÑADA,MANO DE OBRA,PE,EVO
BACKEND/ENSAMBLE FINAL,PRUEBA FINAL,ETIQUETA DAÑADA,MANO DE OBRA,PSAD,BOSE BMW
BACKEND/ENSAMBLE FINAL,PRUEBA FINAL,ETIQUETA DAÑADA,MANO DE OBRA,PSAD,BOSE VW
BACKEND/ENSAMBLE FINAL,PRUEBA FINAL,ETIQUETA DAÑADA,MANO DE OBRA,PSAD,OCS NISSAN
BACKEND/ENSAMBLE FINAL,PRUEBA FINAL,ETIQUETA DAÑADA,MANO DE OBRA,PSAD,OCS SUZUKI
BACKEND/ENSAMBLE FINAL,PRUEBA FINAL,ETIQUETA DAÑADA,MANO DE OBRA,PSAD,ACCORD
BACKEND/ENSAMBLE FINAL,PRUEBA FINAL,ETIQUETA DAÑADA,MANO DE OBRA,PSAD,ARAMIS 2010
BACKEND/ENSAMBLE FINAL,PRUEBA FINAL,ETIQUETA DAÑADA,MANO DE OBRA,PSAD,ARAMIS 2011
BACKEND/ENSAMBLE FINAL,PRUEBA FINAL,ETIQUETA DAÑADA,MANO DE OBRA,PSAD,ARAMIS 2012
BACKEND/ENSAMBLE FINAL,PRUEBA FINAL,ETIQUETA DAÑADA,MANO DE OBRA,PSAD,ARAMIS 2013
BACKEND/ENSAMBLE FINAL,PRUEBA FINAL,ETIQUETA DAÑADA,MANO DE OBRA,PSAD,ARAMIS I
BACKEND/ENSAMBLE FINAL,PRUEBA FINAL,ETIQUETA DAÑADA,MANO DE OBRA,PSAD,ARAMIS II MCG
BACKEND/ENSAMBLE FINAL,PRUEBA FINAL,ETIQUETA DAÑADA,MANO DE OBRA,PSAD,ARAMIS III
BACKEND/ENSAMBLE FINAL,PRUEBA FINAL,ETIQUETA DAÑADA,MANO DE OBRA,PSAD,CHRYSLER MY2013
BACKEND/ENSAMBLE FINAL,PRUEBA FINAL,ETIQUETA DAÑADA,MANO DE OBRA,PSAD,D3
BACKEND/ENSAMBLE FINAL,PRUEBA FINAL,ETIQUETA DAÑADA,MANO DE OBRA,PSAD,FIAT BRAZIL
BACKEND/ENSAMBLE FINAL,PRUEBA FINAL,ETIQUETA DAÑADA,MANO DE OBRA,PSAD,FORD
BACKEND/ENSAMBLE FINAL,PRUEBA FINAL,ETIQUETA DAÑADA,MANO DE OBRA,PSAD,HONDA HRS5
BACKEND/ENSAMBLE FINAL,PRUEBA FINAL,ETIQUETA DAÑADA,MANO DE OBRA,PSAD,HONDA HRS6
BACKEND/ENSAMBLE FINAL,PRUEBA FINAL,ETIQUETA DAÑADA,MANO DE OBRA,PSAD,HYUNDAI
BACKEND/ENSAMBLE FINAL,PRUEBA FINAL,ETIQUETA DAÑADA,MANO DE OBRA,PSAD,LEGACY
BACKEND/ENSAMBLE FINAL,PRUEBA FINAL,ETIQUETA DAÑADA,MANO DE OBRA,PSAD,RENAULT
BACKEND/ENSAMBLE FINAL,PRUEBA FINAL,ETIQUETA DAÑADA,MANO DE OBRA,PSAD,SDM10
BACKEND/ENSAMBLE FINAL,PRUEBA FINAL,ETIQUETA DAÑADA,MANO DE OBRA,PSAD,SDM10+
BACKEND/ENSAMBLE FINAL,PRUEBA FINAL,ETIQUETA DAÑADA,MANO DE OBRA,PSAD,SDM30
BACKEND/ENSAMBLE FINAL,PRUEBA FINAL,ETIQUETA DAÑADA,MANO DE OBRA,PSAD,VW10 LC
BACKEND/ENSAMBLE FINAL,PRUEBA FINAL,ETIQUETA DAÑADA,MANO DE OBRA,PSAD,VW20 MQB
BACKEND/ENSAMBLE FINAL,PRUEBA FINAL,ETIQUETA DAÑADA,MANO DE OBRA,PSAD,ARMIN
BACKEND/ENSAMBLE FINAL,PRUEBA FINAL,ETIQUETA DAÑADA,MANO DE OBRA,PSAD,ASTON MARTIN
BACKEND/ENSAMBLE FINAL,PRUEBA FINAL,ETIQUETA DAÑADA,MANO DE OBRA,PSAD,DAIMLER SMART
BACKEND/ENSAMBLE FINAL,PRUEBA FINAL,ETIQUETA DAÑADA,MANO DE OBRA,PSAD,DAIMLER STAR 2
BACKEND/ENSAMBLE FINAL,PRUEBA FINAL,ETIQUETA DAÑADA,MANO DE OBRA,PSAD,DAIMLER STAR2_ISC
BACKEND/ENSAMBLE FINAL,PRUEBA FINAL,ETIQUETA DAÑADA,MANO DE OBRA,PSAD,EPSILON
BACKEND/ENSAMBLE FINAL,PRUEBA FINAL,ETIQUETA DAÑADA,MANO DE OBRA,PSAD,GM BRASIL
BACKEND/ENSAMBLE FINAL,PRUEBA FINAL,ETIQUETA DAÑADA,MANO DE OBRA,PSAD,JAGUAR PED
BACKEND/ENSAMBLE FINAL,PRUEBA FINAL,ETIQUETA DAÑADA,MANO DE OBRA,PSAD,JAGUAR X1
BACKEND/ENSAMBLE FINAL,PRUEBA FINAL,ETIQUETA DAÑADA,MANO DE OBRA,PSAD,LAND ROVER
BACKEND/ENSAMBLE FINAL,PRUEBA FINAL,ETIQUETA DAÑADA,MANO DE OBRA,PSAD,OPEL 3300
BACKEND/ENSAMBLE FINAL,PRUEBA FINAL,ETIQUETA DAÑADA,MANO DE OBRA,PSAD,OPEL 3i
BACKEND/ENSAMBLE FINAL,PRUEBA FINAL,ETIQUETA DAÑADA,MANO DE OBRA,PSAD,OPEL 4400
BACKEND/ENSAMBLE FINAL,PRUEBA FINAL,ETIQUETA DAÑADA,MANO DE OBRA,PSAD,PSA CAN
BACKEND/ENSAMBLE FINAL,PRUEBA FINAL,ETIQUETA DAÑADA,MANO DE OBRA,PSAD,PSA MAGNA
BACKEND/ENSAMBLE FINAL,PRUEBA FINAL,ETIQUETA DAÑADA,MANO DE OBRA,PSAD,VOLVO P1
BACKEND/ENSAMBLE FINAL,PRUEBA FINAL,ETIQUETA DAÑADA,MANO DE OBRA,PSAD,VOLVO P15
BACKEND/ENSAMBLE FINAL,PRUEBA FINAL,ETIQUETA DAÑADA,MANO DE OBRA,PSAD,VW20
BACKEND/ENSAMBLE FINAL,PRUEBA FINAL,ETIQUETA DAÑADA,MANO DE OBRA,B&S 2,ANTENA
BACKEND/ENSAMBLE FINAL,PRUEBA FINAL,ETIQUETA DAÑADA,MANO DE OBRA,B&S 2,ACURA ECU
BACKEND/ENSAMBLE FINAL,PRUEBA FINAL,ETIQUETA DAÑADA,MANO DE OBRA,B&S 2,ACURA FOB
BACKEND/ENSAMBLE FINAL,PRUEBA FINAL,ETIQUETA DAÑADA,MANO DE OBRA,B&S 2,BMW
BACKEND/ENSAMBLE FINAL,PRUEBA FINAL,ETIQUETA DAÑADA,MANO DE OBRA,B&S 2,BMW FBD 3
BACKEND/ENSAMBLE FINAL,PRUEBA FINAL,ETIQUETA DAÑADA,MANO DE OBRA,B&S 2,CBC
BACKEND/ENSAMBLE FINAL,PRUEBA FINAL,ETIQUETA DAÑADA,MANO DE OBRA,B&S 2,CORPORATE
BACKEND/ENSAMBLE FINAL,PRUEBA FINAL,ETIQUETA DAÑADA,MANO DE OBRA,B&S 2,CUSW
BACKEND/ENSAMBLE FINAL,PRUEBA FINAL,ETIQUETA DAÑADA,MANO DE OBRA,B&S 2,CUSW UF PASE
BACKEND/ENSAMBLE FINAL,PRUEBA FINAL,ETIQUETA DAÑADA,MANO DE OBRA,B&S 2,CUSW UF RFHM
BACKEND/ENSAMBLE FINAL,PRUEBA FINAL,ETIQUETA DAÑADA,MANO DE OBRA,B&S 2,DCU
BACKEND/ENSAMBLE FINAL,PRUEBA FINAL,ETIQUETA DAÑADA,MANO DE OBRA,B&S 2,FOB SLOT
BACKEND/ENSAMBLE FINAL,PRUEBA FINAL,ETIQUETA DAÑADA,MANO DE OBRA,B&S 2,HYUNDAI TPMS ECU
BACKEND/ENSAMBLE FINAL,PRUEBA FINAL,ETIQUETA DAÑADA,MANO DE OBRA,B&S 2,INMMO
BACKEND/ENSAMBLE FINAL,PRUEBA FINAL,ETIQUETA DAÑADA,MANO DE OBRA,B&S 2,LF
BACKEND/ENSAMBLE FINAL,PRUEBA FINAL,ETIQUETA DAÑADA,MANO DE OBRA,B&S 2,PASE FOB CUSW
BACKEND/ENSAMBLE FINAL,PRUEBA FINAL,ETIQUETA DAÑADA,MANO DE OBRA,B&S 2,RFHM CUSW
BACKEND/ENSAMBLE FINAL,PRUEBA FINAL,ETIQUETA DAÑADA,MANO DE OBRA,B&S 2,RKE FOB CUSW
BACKEND/ENSAMBLE FINAL,PRUEBA FINAL,ETIQUETA DAÑADA,MANO DE OBRA,B&S 2,RXM
BACKEND/ENSAMBLE FINAL,PRUEBA FINAL,ETIQUETA DAÑADA,MANO DE OBRA,B&S 2,SKREEK
BACKEND/ENSAMBLE FINAL,PRUEBA FINAL,ETIQUETA DAÑADA,MANO DE OBRA,B&S 2,SMART ECU
BACKEND/ENSAMBLE FINAL,PRUEBA FINAL,ETIQUETA DAÑADA,MANO DE OBRA,B&S 2,SMART FOB
BACKEND/ENSAMBLE FINAL,PRUEBA FINAL,ETIQUETA DAÑADA,MANO DE OBRA,B&S 2,TG ECU
BACKEND/ENSAMBLE FINAL,PRUEBA FINAL,ETIQUETA DAÑADA,MANO DE OBRA,B&S 2,TG1C DCX
BACKEND/ENSAMBLE FINAL,PRUEBA FINAL,ETIQUETA DAÑADA,MANO DE OBRA,B&S 2,TG1C HONDA
BACKEND/ENSAMBLE FINAL,PRUEBA FINAL,ETIQUETA DAÑADA,MANO DE OBRA,B&S 2,TG1C HYUNDAI
BACKEND/ENSAMBLE FINAL,PRUEBA FINAL,ETIQUETA DAÑADA,MANO DE OBRA,B&S 2,TG1C NISSAN
BACKEND/ENSAMBLE FINAL,PRUEBA FINAL,ETIQUETA DAÑADA,MANO DE OBRA,B&S 2,TG1C UNIVERSAL
BACKEND/ENSAMBLE FINAL,PRUEBA FINAL,ETIQUETA DAÑADA,MANO DE OBRA,B&S 2,TIS 1D CHRYSLER
BACKEND/ENSAMBLE FINAL,PRUEBA FINAL,ETIQUETA DAÑADA,MANO DE OBRA,B&S 2,TIS 1D GM K2XX
BACKEND/ENSAMBLE FINAL,PRUEBA FINAL,ETIQUETA DAÑADA,MANO DE OBRA,B&S 2,TIS 1D MMC
BACKEND/ENSAMBLE FINAL,PRUEBA FINAL,ETIQUETA DAÑADA,MANO DE OBRA,B&S 2,TIS1C127 BMW
BACKEND/ENSAMBLE FINAL,PRUEBA FINAL,ETIQUETA DAÑADA,MANO DE OBRA,B&S 2,TIS1C127 HMC
BACKEND/ENSAMBLE FINAL,PRUEBA FINAL,ETIQUETA DAÑADA,MANO DE OBRA,B&S 2,TIS1C127 NISSAN
BACKEND/ENSAMBLE FINAL,PRUEBA FINAL,ETIQUETA DAÑADA,MANO DE OBRA,B&S 2,TIS1C127 GM
BACKEND/ENSAMBLE FINAL,PRUEBA FINAL,ETIQUETA DAÑADA,MANO DE OBRA,B&S 2,TXK
BACKEND/ENSAMBLE FINAL,PRUEBA FINAL,ETIQUETA DAÑADA,MANO DE OBRA,B&S 2,WIN
BACKEND/ENSAMBLE FINAL,PRUEBA FINAL,ETIQUETA DAÑADA,MANO DE OBRA,B&S 2,WK_WD RFHUB
BACKEND/ENSAMBLE FINAL,PRUEBA FINAL,ETIQUETA DAÑADA,MAQUINA,B&S,BCM
BACKEND/ENSAMBLE FINAL,PRUEBA FINAL,ETIQUETA DAÑADA,MAQUINA,B&S,BCM K2XX
BACKEND/ENSAMBLE FINAL,PRUEBA FINAL,ETIQUETA DAÑADA,MAQUINA,B&S,BCM SQUARE D
BACKEND/ENSAMBLE FINAL,PRUEBA FINAL,ETIQUETA DAÑADA,MAQUINA,B&S,CMF1
BACKEND/ENSAMBLE FINAL,PRUEBA FINAL,ETIQUETA DAÑADA,MAQUINA,B&S,ESCL
BACKEND/ENSAMBLE FINAL,PRUEBA FINAL,ETIQUETA DAÑADA,MAQUINA,B&S,EXTERNAL RECEIVER K2XX
BACKEND/ENSAMBLE FINAL,PRUEBA FINAL,ETIQUETA DAÑADA,MAQUINA,B&S,FOB READER
BACKEND/ENSAMBLE FINAL,PRUEBA FINAL,ETIQUETA DAÑADA,MAQUINA,B&S,GLOBAL A
BACKEND/ENSAMBLE FINAL,PRUEBA FINAL,ETIQUETA DAÑADA,MAQUINA,B&S,INTERNAL RECEIVER K2XX
BACKEND/ENSAMBLE FINAL,PRUEBA FINAL,ETIQUETA DAÑADA,MAQUINA,B&S,KEY FOB
BACKEND/ENSAMBLE FINAL,PRUEBA FINAL,ETIQUETA DAÑADA,MAQUINA,B&S,KWANG JIN
BACKEND/ENSAMBLE FINAL,PRUEBA FINAL,ETIQUETA DAÑADA,MAQUINA,B&S,NISSAN KEY FOB 4TH BUNDLE
BACKEND/ENSAMBLE FINAL,PRUEBA FINAL,ETIQUETA DAÑADA,MAQUINA,B&S,NISSAN KEY FOB CMF1
BACKEND/ENSAMBLE FINAL,PRUEBA FINAL,ETIQUETA DAÑADA,MAQUINA,B&S,NISSAN KEY FOB SQUARE D
BACKEND/ENSAMBLE FINAL,PRUEBA FINAL,ETIQUETA DAÑADA,MAQUINA,B&S,PATS
BACKEND/ENSAMBLE FINAL,PRUEBA FINAL,ETIQUETA DAÑADA,MAQUINA,B&S,PEPS
BACKEND/ENSAMBLE FINAL,PRUEBA FINAL,ETIQUETA DAÑADA,MAQUINA,B&S,PK MY 13 FORD
BACKEND/ENSAMBLE FINAL,PRUEBA FINAL,ETIQUETA DAÑADA,MAQUINA,B&S,PK MY14 LINCOLN
BACKEND/ENSAMBLE FINAL,PRUEBA FINAL,ETIQUETA DAÑADA,MAQUINA,B&S,PQ GATEWAY MY13
BACKEND/ENSAMBLE FINAL,PRUEBA FINAL,ETIQUETA DAÑADA,MAQUINA,B&S,PQ25 LP3
BACKEND/ENSAMBLE FINAL,PRUEBA FINAL,ETIQUETA DAÑADA,MAQUINA,B&S,PQ35 5TA GENERACIÓN
BACKEND/ENSAMBLE FINAL,PRUEBA FINAL,ETIQUETA DAÑADA,MAQUINA,B&S,PQ35 6ta Gen
BACKEND/ENSAMBLE FINAL,PRUEBA FINAL,ETIQUETA DAÑADA,MAQUINA,B&S,RECEIVER
BACKEND/ENSAMBLE FINAL,PRUEBA FINAL,ETIQUETA DAÑADA,MAQUINA,B&S,RF TUNER
BACKEND/ENSAMBLE FINAL,PRUEBA FINAL,ETIQUETA DAÑADA,MAQUINA,B&S,WEBASTO
BACKEND/ENSAMBLE FINAL,PRUEBA FINAL,ETIQUETA DAÑADA,MAQUINA,B&S 3,BIDIR FOB HONDA MY14
BACKEND/ENSAMBLE FINAL,PRUEBA FINAL,ETIQUETA DAÑADA,MAQUINA,B&S 3,FOB HONDA MY14
BACKEND/ENSAMBLE FINAL,PRUEBA FINAL,ETIQUETA DAÑADA,MAQUINA,B&S 3,PCU HONDA MY14
BACKEND/ENSAMBLE FINAL,PRUEBA FINAL,ETIQUETA DAÑADA,MAQUINA,B&S 3,TRX HONDA MY14
BACKEND/ENSAMBLE FINAL,PRUEBA FINAL,ETIQUETA DAÑADA,MAQUINA,PE,CEC
BACKEND/ENSAMBLE FINAL,PRUEBA FINAL,ETIQUETA DAÑADA,MAQUINA,PE,IDM
BACKEND/ENSAMBLE FINAL,PRUEBA FINAL,ETIQUETA DAÑADA,MAQUINA,PE,SID903
BACKEND/ENSAMBLE FINAL,PRUEBA FINAL,ETIQUETA DAÑADA,MAQUINA,PE,SID904
BACKEND/ENSAMBLE FINAL,PRUEBA FINAL,ETIQUETA DAÑADA,MAQUINA,PE,SID908
BACKEND/ENSAMBLE FINAL,PRUEBA FINAL,ETIQUETA DAÑADA,MAQUINA,PE,SID910
BACKEND/ENSAMBLE FINAL,PRUEBA FINAL,ETIQUETA DAÑADA,MAQUINA,PE,SID913
BACKEND/ENSAMBLE FINAL,PRUEBA FINAL,ETIQUETA DAÑADA,MAQUINA,PE,ACM
BACKEND/ENSAMBLE FINAL,PRUEBA FINAL,ETIQUETA DAÑADA,MAQUINA,PE,EVO
BACKEND/ENSAMBLE FINAL,PRUEBA FINAL,ETIQUETA DAÑADA,MAQUINA,PSAD,BOSE BMW
BACKEND/ENSAMBLE FINAL,PRUEBA FINAL,ETIQUETA DAÑADA,MAQUINA,PSAD,BOSE VW
BACKEND/ENSAMBLE FINAL,PRUEBA FINAL,ETIQUETA DAÑADA,MAQUINA,PSAD,OCS NISSAN
BACKEND/ENSAMBLE FINAL,PRUEBA FINAL,ETIQUETA DAÑADA,MAQUINA,PSAD,OCS SUZUKI
BACKEND/ENSAMBLE FINAL,PRUEBA FINAL,ETIQUETA DAÑADA,MAQUINA,PSAD,ACCORD
BACKEND/ENSAMBLE FINAL,PRUEBA FINAL,ETIQUETA DAÑADA,MAQUINA,PSAD,ARAMIS 2010
BACKEND/ENSAMBLE FINAL,PRUEBA FINAL,ETIQUETA DAÑADA,MAQUINA,PSAD,ARAMIS 2011
BACKEND/ENSAMBLE FINAL,PRUEBA FINAL,ETIQUETA DAÑADA,MAQUINA,PSAD,ARAMIS 2012
BACKEND/ENSAMBLE FINAL,PRUEBA FINAL,ETIQUETA DAÑADA,MAQUINA,PSAD,ARAMIS 2013
BACKEND/ENSAMBLE FINAL,PRUEBA FINAL,ETIQUETA DAÑADA,MAQUINA,PSAD,ARAMIS I
BACKEND/ENSAMBLE FINAL,PRUEBA FINAL,ETIQUETA DAÑADA,MAQUINA,PSAD,ARAMIS II MCG
BACKEND/ENSAMBLE FINAL,PRUEBA FINAL,ETIQUETA DAÑADA,MAQUINA,PSAD,ARAMIS III
BACKEND/ENSAMBLE FINAL,PRUEBA FINAL,ETIQUETA DAÑADA,MAQUINA,PSAD,CHRYSLER MY2013
BACKEND/ENSAMBLE FINAL,PRUEBA FINAL,ETIQUETA DAÑADA,MAQUINA,PSAD,D3
BACKEND/ENSAMBLE FINAL,PRUEBA FINAL,ETIQUETA DAÑADA,MAQUINA,PSAD,FIAT BRAZIL
BACKEND/ENSAMBLE FINAL,PRUEBA FINAL,ETIQUETA DAÑADA,MAQUINA,PSAD,FORD
BACKEND/ENSAMBLE FINAL,PRUEBA FINAL,ETIQUETA DAÑADA,MAQUINA,PSAD,HONDA HRS5
BACKEND/ENSAMBLE FINAL,PRUEBA FINAL,ETIQUETA DAÑADA,MAQUINA,PSAD,HONDA HRS6
BACKEND/ENSAMBLE FINAL,PRUEBA FINAL,ETIQUETA DAÑADA,MAQUINA,PSAD,HYUNDAI
BACKEND/ENSAMBLE FINAL,PRUEBA FINAL,ETIQUETA DAÑADA,MAQUINA,PSAD,LEGACY
BACKEND/ENSAMBLE FINAL,PRUEBA FINAL,ETIQUETA DAÑADA,MAQUINA,PSAD,RENAULT
BACKEND/ENSAMBLE FINAL,PRUEBA FINAL,ETIQUETA DAÑADA,MAQUINA,PSAD,SDM10
BACKEND/ENSAMBLE FINAL,PRUEBA FINAL,ETIQUETA DAÑADA,MAQUINA,PSAD,SDM10+
BACKEND/ENSAMBLE FINAL,PRUEBA FINAL,ETIQUETA DAÑADA,MAQUINA,PSAD,SDM30
BACKEND/ENSAMBLE FINAL,PRUEBA FINAL,ETIQUETA DAÑADA,MAQUINA,PSAD,VW10 LC
BACKEND/ENSAMBLE FINAL,PRUEBA FINAL,ETIQUETA DAÑADA,MAQUINA,PSAD,VW20 MQB
BACKEND/ENSAMBLE FINAL,PRUEBA FINAL,ETIQUETA DAÑADA,MAQUINA,PSAD,ARMIN
BACKEND/ENSAMBLE FINAL,PRUEBA FINAL,ETIQUETA DAÑADA,MAQUINA,PSAD,ASTON MARTIN
BACKEND/ENSAMBLE FINAL,PRUEBA FINAL,ETIQUETA DAÑADA,MAQUINA,PSAD,DAIMLER SMART
BACKEND/ENSAMBLE FINAL,PRUEBA FINAL,ETIQUETA DAÑADA,MAQUINA,PSAD,DAIMLER STAR 2
BACKEND/ENSAMBLE FINAL,PRUEBA FINAL,ETIQUETA DAÑADA,MAQUINA,PSAD,DAIMLER STAR2_ISC
BACKEND/ENSAMBLE FINAL,PRUEBA FINAL,ETIQUETA DAÑADA,MAQUINA,PSAD,EPSILON
BACKEND/ENSAMBLE FINAL,PRUEBA FINAL,ETIQUETA DAÑADA,MAQUINA,PSAD,GM BRASIL
BACKEND/ENSAMBLE FINAL,PRUEBA FINAL,ETIQUETA DAÑADA,MAQUINA,PSAD,JAGUAR PED
BACKEND/ENSAMBLE FINAL,PRUEBA FINAL,ETIQUETA DAÑADA,MAQUINA,PSAD,JAGUAR X1
BACKEND/ENSAMBLE FINAL,PRUEBA FINAL,ETIQUETA DAÑADA,MAQUINA,PSAD,LAND ROVER
BACKEND/ENSAMBLE FINAL,PRUEBA FINAL,ETIQUETA DAÑADA,MAQUINA,PSAD,OPEL 3300
BACKEND/ENSAMBLE FINAL,PRUEBA FINAL,ETIQUETA DAÑADA,MAQUINA,PSAD,OPEL 3i
BACKEND/ENSAMBLE FINAL,PRUEBA FINAL,ETIQUETA DAÑADA,MAQUINA,PSAD,OPEL 4400
BACKEND/ENSAMBLE FINAL,PRUEBA FINAL,ETIQUETA DAÑADA,MAQUINA,PSAD,PSA CAN
BACKEND/ENSAMBLE FINAL,PRUEBA FINAL,ETIQUETA DAÑADA,MAQUINA,PSAD,PSA MAGNA
BACKEND/ENSAMBLE FINAL,PRUEBA FINAL,ETIQUETA DAÑADA,MAQUINA,PSAD,VOLVO P1
BACKEND/ENSAMBLE FINAL,PRUEBA FINAL,ETIQUETA DAÑADA,MAQUINA,PSAD,VOLVO P15
BACKEND/ENSAMBLE FINAL,PRUEBA FINAL,ETIQUETA DAÑADA,MAQUINA,PSAD,VW20
BACKEND/ENSAMBLE FINAL,PRUEBA FINAL,ETIQUETA DAÑADA,MAQUINA,B&S 2,ANTENA
BACKEND/ENSAMBLE FINAL,PRUEBA FINAL,ETIQUETA DAÑADA,MAQUINA,B&S 2,ACURA ECU
BACKEND/ENSAMBLE FINAL,PRUEBA FINAL,ETIQUETA DAÑADA,MAQUINA,B&S 2,ACURA FOB
BACKEND/ENSAMBLE FINAL,PRUEBA FINAL,ETIQUETA DAÑADA,MAQUINA,B&S 2,BMW
BACKEND/ENSAMBLE FINAL,PRUEBA FINAL,ETIQUETA DAÑADA,MAQUINA,B&S 2,BMW FBD 3
BACKEND/ENSAMBLE FINAL,PRUEBA FINAL,ETIQUETA DAÑADA,MAQUINA,B&S 2,CBC
BACKEND/ENSAMBLE FINAL,PRUEBA FINAL,ETIQUETA DAÑADA,MAQUINA,B&S 2,CORPORATE
BACKEND/ENSAMBLE FINAL,PRUEBA FINAL,ETIQUETA DAÑADA,MAQUINA,B&S 2,CUSW
BACKEND/ENSAMBLE FINAL,PRUEBA FINAL,ETIQUETA DAÑADA,MAQUINA,B&S 2,CUSW UF PASE
BACKEND/ENSAMBLE FINAL,PRUEBA FINAL,ETIQUETA DAÑADA,MAQUINA,B&S 2,CUSW UF RFHM
BACKEND/ENSAMBLE FINAL,PRUEBA FINAL,ETIQUETA DAÑADA,MAQUINA,B&S 2,DCU
BACKEND/ENSAMBLE FINAL,PRUEBA FINAL,ETIQUETA DAÑADA,MAQUINA,B&S 2,FOB SLOT
BACKEND/ENSAMBLE FINAL,PRUEBA FINAL,ETIQUETA DAÑADA,MAQUINA,B&S 2,HYUNDAI TPMS ECU
BACKEND/ENSAMBLE FINAL,PRUEBA FINAL,ETIQUETA DAÑADA,MAQUINA,B&S 2,INMMO
BACKEND/ENSAMBLE FINAL,PRUEBA FINAL,ETIQUETA DAÑADA,MAQUINA,B&S 2,LF
BACKEND/ENSAMBLE FINAL,PRUEBA FINAL,ETIQUETA DAÑADA,MAQUINA,B&S 2,PASE FOB CUSW
BACKEND/ENSAMBLE FINAL,PRUEBA FINAL,ETIQUETA DAÑADA,MAQUINA,B&S 2,RFHM CUSW
BACKEND/ENSAMBLE FINAL,PRUEBA FINAL,ETIQUETA DAÑADA,MAQUINA,B&S 2,RKE FOB CUSW
BACKEND/ENSAMBLE FINAL,PRUEBA FINAL,ETIQUETA DAÑADA,MAQUINA,B&S 2,RXM
BACKEND/ENSAMBLE FINAL,PRUEBA FINAL,ETIQUETA DAÑADA,MAQUINA,B&S 2,SKREEK
BACKEND/ENSAMBLE FINAL,PRUEBA FINAL,ETIQUETA DAÑADA,MAQUINA,B&S 2,SMART ECU
BACKEND/ENSAMBLE FINAL,PRUEBA FINAL,ETIQUETA DAÑADA,MAQUINA,B&S 2,SMART FOB
BACKEND/ENSAMBLE FINAL,PRUEBA FINAL,ETIQUETA DAÑADA,MAQUINA,B&S 2,TG ECU
BACKEND/ENSAMBLE FINAL,PRUEBA FINAL,ETIQUETA DAÑADA,MAQUINA,B&S 2,TG1C DCX
BACKEND/ENSAMBLE FINAL,PRUEBA FINAL,ETIQUETA DAÑADA,MAQUINA,B&S 2,TG1C HONDA
BACKEND/ENSAMBLE FINAL,PRUEBA FINAL,ETIQUETA DAÑADA,MAQUINA,B&S 2,TG1C HYUNDAI
BACKEND/ENSAMBLE FINAL,PRUEBA FINAL,ETIQUETA DAÑADA,MAQUINA,B&S 2,TG1C NISSAN
BACKEND/ENSAMBLE FINAL,PRUEBA FINAL,ETIQUETA DAÑADA,MAQUINA,B&S 2,TG1C UNIVERSAL
BACKEND/ENSAMBLE FINAL,PRUEBA FINAL,ETIQUETA DAÑADA,MAQUINA,B&S 2,TIS 1D CHRYSLER
BACKEND/ENSAMBLE FINAL,PRUEBA FINAL,ETIQUETA DAÑADA,MAQUINA,B&S 2,TIS 1D GM K2XX
BACKEND/ENSAMBLE FINAL,PRUEBA FINAL,ETIQUETA DAÑADA,MAQUINA,B&S 2,TIS 1D MMC
BACKEND/ENSAMBLE FINAL,PRUEBA FINAL,ETIQUETA DAÑADA,MAQUINA,B&S 2,TIS1C127 BMW
BACKEND/ENSAMBLE FINAL,PRUEBA FINAL,ETIQUETA DAÑADA,MAQUINA,B&S 2,TIS1C127 HMC
BACKEND/ENSAMBLE FINAL,PRUEBA FINAL,ETIQUETA DAÑADA,MAQUINA,B&S 2,TIS1C127 NISSAN
BACKEND/ENSAMBLE FINAL,PRUEBA FINAL,ETIQUETA DAÑADA,MAQUINA,B&S 2,TIS1C127 GM
BACKEND/ENSAMBLE FINAL,PRUEBA FINAL,ETIQUETA DAÑADA,MAQUINA,B&S 2,TXK
BACKEND/ENSAMBLE FINAL,PRUEBA FINAL,ETIQUETA DAÑADA,MAQUINA,B&S 2,WIN
BACKEND/ENSAMBLE FINAL,PRUEBA FINAL,ETIQUETA DAÑADA,MAQUINA,B&S 2,WK_WD RFHUB
BACKEND/ENSAMBLE FINAL,PRUEBA FINAL,ETIQUETA DAÑADA,METODO,B&S,BCM
BACKEND/ENSAMBLE FINAL,PRUEBA FINAL,ETIQUETA DAÑADA,METODO,B&S,BCM K2XX
BACKEND/ENSAMBLE FINAL,PRUEBA FINAL,ETIQUETA DAÑADA,METODO,B&S,BCM SQUARE D
BACKEND/ENSAMBLE FINAL,PRUEBA FINAL,ETIQUETA DAÑADA,METODO,B&S,CMF1
BACKEND/ENSAMBLE FINAL,PRUEBA FINAL,ETIQUETA DAÑADA,METODO,B&S,ESCL
BACKEND/ENSAMBLE FINAL,PRUEBA FINAL,ETIQUETA DAÑADA,METODO,B&S,EXTERNAL RECEIVER K2XX
BACKEND/ENSAMBLE FINAL,PRUEBA FINAL,ETIQUETA DAÑADA,METODO,B&S,FOB READER
BACKEND/ENSAMBLE FINAL,PRUEBA FINAL,ETIQUETA DAÑADA,METODO,B&S,GLOBAL A
BACKEND/ENSAMBLE FINAL,PRUEBA FINAL,ETIQUETA DAÑADA,METODO,B&S,INTERNAL RECEIVER K2XX
BACKEND/ENSAMBLE FINAL,PRUEBA FINAL,ETIQUETA DAÑADA,METODO,B&S,KEY FOB
BACKEND/ENSAMBLE FINAL,PRUEBA FINAL,ETIQUETA DAÑADA,METODO,B&S,KWANG JIN
BACKEND/ENSAMBLE FINAL,PRUEBA FINAL,ETIQUETA DAÑADA,METODO,B&S,NISSAN KEY FOB 4TH BUNDLE
BACKEND/ENSAMBLE FINAL,PRUEBA FINAL,ETIQUETA DAÑADA,METODO,B&S,NISSAN KEY FOB CMF1
BACKEND/ENSAMBLE FINAL,PRUEBA FINAL,ETIQUETA DAÑADA,METODO,B&S,NISSAN KEY FOB SQUARE D
BACKEND/ENSAMBLE FINAL,PRUEBA FINAL,ETIQUETA DAÑADA,METODO,B&S,PATS
BACKEND/ENSAMBLE FINAL,PRUEBA FINAL,ETIQUETA DAÑADA,METODO,B&S,PEPS
BACKEND/ENSAMBLE FINAL,PRUEBA FINAL,ETIQUETA DAÑADA,METODO,B&S,PK MY 13 FORD
BACKEND/ENSAMBLE FINAL,PRUEBA FINAL,ETIQUETA DAÑADA,METODO,B&S,PK MY14 LINCOLN
BACKEND/ENSAMBLE FINAL,PRUEBA FINAL,ETIQUETA DAÑADA,METODO,B&S,PQ GATEWAY MY13
BACKEND/ENSAMBLE FINAL,PRUEBA FINAL,ETIQUETA DAÑADA,METODO,B&S,PQ25 LP3
BACKEND/ENSAMBLE FINAL,PRUEBA FINAL,ETIQUETA DAÑADA,METODO,B&S,PQ35 5TA GENERACIÓN
BACKEND/ENSAMBLE FINAL,PRUEBA FINAL,ETIQUETA DAÑADA,METODO,B&S,PQ35 6ta Gen
BACKEND/ENSAMBLE FINAL,PRUEBA FINAL,ETIQUETA DAÑADA,METODO,B&S,RECEIVER
BACKEND/ENSAMBLE FINAL,PRUEBA FINAL,ETIQUETA DAÑADA,METODO,B&S,RF TUNER
BACKEND/ENSAMBLE FINAL,PRUEBA FINAL,ETIQUETA DAÑADA,METODO,B&S,WEBASTO
BACKEND/ENSAMBLE FINAL,PRUEBA FINAL,ETIQUETA DAÑADA,METODO,B&S 3,BIDIR FOB HONDA MY14
BACKEND/ENSAMBLE FINAL,PRUEBA FINAL,ETIQUETA DAÑADA,METODO,B&S 3,FOB HONDA MY14
BACKEND/ENSAMBLE FINAL,PRUEBA FINAL,ETIQUETA DAÑADA,METODO,B&S 3,PCU HONDA MY14
BACKEND/ENSAMBLE FINAL,PRUEBA FINAL,ETIQUETA DAÑADA,METODO,B&S 3,TRX HONDA MY14
BACKEND/ENSAMBLE FINAL,PRUEBA FINAL,ETIQUETA DAÑADA,METODO,PE,CEC
BACKEND/ENSAMBLE FINAL,PRUEBA FINAL,ETIQUETA DAÑADA,METODO,PE,IDM
BACKEND/ENSAMBLE FINAL,PRUEBA FINAL,ETIQUETA DAÑADA,METODO,PE,SID903
BACKEND/ENSAMBLE FINAL,PRUEBA FINAL,ETIQUETA DAÑADA,METODO,PE,SID904
BACKEND/ENSAMBLE FINAL,PRUEBA FINAL,ETIQUETA DAÑADA,METODO,PE,SID908
BACKEND/ENSAMBLE FINAL,PRUEBA FINAL,ETIQUETA DAÑADA,METODO,PE,SID910
BACKEND/ENSAMBLE FINAL,PRUEBA FINAL,ETIQUETA DAÑADA,METODO,PE,SID913
BACKEND/ENSAMBLE FINAL,PRUEBA FINAL,ETIQUETA DAÑADA,METODO,PE,ACM
BACKEND/ENSAMBLE FINAL,PRUEBA FINAL,ETIQUETA DAÑADA,METODO,PE,EVO
BACKEND/ENSAMBLE FINAL,PRUEBA FINAL,ETIQUETA DAÑADA,METODO,PSAD,BOSE BMW
BACKEND/ENSAMBLE FINAL,PRUEBA FINAL,ETIQUETA DAÑADA,METODO,PSAD,BOSE VW
BACKEND/ENSAMBLE FINAL,PRUEBA FINAL,ETIQUETA DAÑADA,METODO,PSAD,OCS NISSAN
BACKEND/ENSAMBLE FINAL,PRUEBA FINAL,ETIQUETA DAÑADA,METODO,PSAD,OCS SUZUKI
BACKEND/ENSAMBLE FINAL,PRUEBA FINAL,ETIQUETA DAÑADA,METODO,PSAD,ACCORD
BACKEND/ENSAMBLE FINAL,PRUEBA FINAL,ETIQUETA DAÑADA,METODO,PSAD,ARAMIS 2010
BACKEND/ENSAMBLE FINAL,PRUEBA FINAL,ETIQUETA DAÑADA,METODO,PSAD,ARAMIS 2011
BACKEND/ENSAMBLE FINAL,PRUEBA FINAL,ETIQUETA DAÑADA,METODO,PSAD,ARAMIS 2012
BACKEND/ENSAMBLE FINAL,PRUEBA FINAL,ETIQUETA DAÑADA,METODO,PSAD,ARAMIS 2013
BACKEND/ENSAMBLE FINAL,PRUEBA FINAL,ETIQUETA DAÑADA,METODO,PSAD,ARAMIS I
BACKEND/ENSAMBLE FINAL,PRUEBA FINAL,ETIQUETA DAÑADA,METODO,PSAD,ARAMIS II MCG
BACKEND/ENSAMBLE FINAL,PRUEBA FINAL,ETIQUETA DAÑADA,METODO,PSAD,ARAMIS III
BACKEND/ENSAMBLE FINAL,PRUEBA FINAL,ETIQUETA DAÑADA,METODO,PSAD,CHRYSLER MY2013
BACKEND/ENSAMBLE FINAL,PRUEBA FINAL,ETIQUETA DAÑADA,METODO,PSAD,D3
BACKEND/ENSAMBLE FINAL,PRUEBA FINAL,ETIQUETA DAÑADA,METODO,PSAD,FIAT BRAZIL
BACKEND/ENSAMBLE FINAL,PRUEBA FINAL,ETIQUETA DAÑADA,METODO,PSAD,FORD
BACKEND/ENSAMBLE FINAL,PRUEBA FINAL,ETIQUETA DAÑADA,METODO,PSAD,HONDA HRS5
BACKEND/ENSAMBLE FINAL,PRUEBA FINAL,ETIQUETA DAÑADA,METODO,PSAD,HONDA HRS6
BACKEND/ENSAMBLE FINAL,PRUEBA FINAL,ETIQUETA DAÑADA,METODO,PSAD,HYUNDAI
BACKEND/ENSAMBLE FINAL,PRUEBA FINAL,ETIQUETA DAÑADA,METODO,PSAD,LEGACY
BACKEND/ENSAMBLE FINAL,PRUEBA FINAL,ETIQUETA DAÑADA,METODO,PSAD,RENAULT
BACKEND/ENSAMBLE FINAL,PRUEBA FINAL,ETIQUETA DAÑADA,METODO,PSAD,SDM10
BACKEND/ENSAMBLE FINAL,PRUEBA FINAL,ETIQUETA DAÑADA,METODO,PSAD,SDM10+
BACKEND/ENSAMBLE FINAL,PRUEBA FINAL,ETIQUETA DAÑADA,METODO,PSAD,SDM30
BACKEND/ENSAMBLE FINAL,PRUEBA FINAL,ETIQUETA DAÑADA,METODO,PSAD,VW10 LC
BACKEND/ENSAMBLE FINAL,PRUEBA FINAL,ETIQUETA DAÑADA,METODO,PSAD,VW20 MQB
BACKEND/ENSAMBLE FINAL,PRUEBA FINAL,ETIQUETA DAÑADA,METODO,PSAD,ARMIN
BACKEND/ENSAMBLE FINAL,PRUEBA FINAL,ETIQUETA DAÑADA,METODO,PSAD,ASTON MARTIN
BACKEND/ENSAMBLE FINAL,PRUEBA FINAL,ETIQUETA DAÑADA,METODO,PSAD,DAIMLER SMART
BACKEND/ENSAMBLE FINAL,PRUEBA FINAL,ETIQUETA DAÑADA,METODO,PSAD,DAIMLER STAR 2
BACKEND/ENSAMBLE FINAL,PRUEBA FINAL,ETIQUETA DAÑADA,METODO,PSAD,DAIMLER STAR2_ISC
BACKEND/ENSAMBLE FINAL,PRUEBA FINAL,ETIQUETA DAÑADA,METODO,PSAD,EPSILON
BACKEND/ENSAMBLE FINAL,PRUEBA FINAL,ETIQUETA DAÑADA,METODO,PSAD,GM BRASIL
BACKEND/ENSAMBLE FINAL,PRUEBA FINAL,ETIQUETA DAÑADA,METODO,PSAD,JAGUAR PED
BACKEND/ENSAMBLE FINAL,PRUEBA FINAL,ETIQUETA DAÑADA,METODO,PSAD,JAGUAR X1
BACKEND/ENSAMBLE FINAL,PRUEBA FINAL,ETIQUETA DAÑADA,METODO,PSAD,LAND ROVER
BACKEND/ENSAMBLE FINAL,PRUEBA FINAL,ETIQUETA DAÑADA,METODO,PSAD,OPEL 3300
BACKEND/ENSAMBLE FINAL,PRUEBA FINAL,ETIQUETA DAÑADA,METODO,PSAD,OPEL 3i
BACKEND/ENSAMBLE FINAL,PRUEBA FINAL,ETIQUETA DAÑADA,METODO,PSAD,OPEL 4400
BACKEND/ENSAMBLE FINAL,PRUEBA FINAL,ETIQUETA DAÑADA,METODO,PSAD,PSA CAN
BACKEND/ENSAMBLE FINAL,PRUEBA FINAL,ETIQUETA DAÑADA,METODO,PSAD,PSA MAGNA
BACKEND/ENSAMBLE FINAL,PRUEBA FINAL,ETIQUETA DAÑADA,METODO,PSAD,VOLVO P1
BACKEND/ENSAMBLE FINAL,PRUEBA FINAL,ETIQUETA DAÑADA,METODO,PSAD,VOLVO P15
BACKEND/ENSAMBLE FINAL,PRUEBA FINAL,ETIQUETA DAÑADA,METODO,PSAD,VW20
BACKEND/ENSAMBLE FINAL,PRUEBA FINAL,ETIQUETA DAÑADA,METODO,B&S 2,ANTENA
BACKEND/ENSAMBLE FINAL,PRUEBA FINAL,ETIQUETA DAÑADA,METODO,B&S 2,ACURA ECU
BACKEND/ENSAMBLE FINAL,PRUEBA FINAL,ETIQUETA DAÑADA,METODO,B&S 2,ACURA FOB
BACKEND/ENSAMBLE FINAL,PRUEBA FINAL,ETIQUETA DAÑADA,METODO,B&S 2,BMW
BACKEND/ENSAMBLE FINAL,PRUEBA FINAL,ETIQUETA DAÑADA,METODO,B&S 2,BMW FBD 3
BACKEND/ENSAMBLE FINAL,PRUEBA FINAL,ETIQUETA DAÑADA,METODO,B&S 2,CBC
BACKEND/ENSAMBLE FINAL,PRUEBA FINAL,ETIQUETA DAÑADA,METODO,B&S 2,CORPORATE
BACKEND/ENSAMBLE FINAL,PRUEBA FINAL,ETIQUETA DAÑADA,METODO,B&S 2,CUSW
BACKEND/ENSAMBLE FINAL,PRUEBA FINAL,ETIQUETA DAÑADA,METODO,B&S 2,CUSW UF PASE
BACKEND/ENSAMBLE FINAL,PRUEBA FINAL,ETIQUETA DAÑADA,METODO,B&S 2,CUSW UF RFHM
BACKEND/ENSAMBLE FINAL,PRUEBA FINAL,ETIQUETA DAÑADA,METODO,B&S 2,DCU
BACKEND/ENSAMBLE FINAL,PRUEBA FINAL,ETIQUETA DAÑADA,METODO,B&S 2,FOB SLOT
BACKEND/ENSAMBLE FINAL,PRUEBA FINAL,ETIQUETA DAÑADA,METODO,B&S 2,HYUNDAI TPMS ECU
BACKEND/ENSAMBLE FINAL,PRUEBA FINAL,ETIQUETA DAÑADA,METODO,B&S 2,INMMO
BACKEND/ENSAMBLE FINAL,PRUEBA FINAL,ETIQUETA DAÑADA,METODO,B&S 2,LF
BACKEND/ENSAMBLE FINAL,PRUEBA FINAL,ETIQUETA DAÑADA,METODO,B&S 2,PASE FOB CUSW
BACKEND/ENSAMBLE FINAL,PRUEBA FINAL,ETIQUETA DAÑADA,METODO,B&S 2,RFHM CUSW
BACKEND/ENSAMBLE FINAL,PRUEBA FINAL,ETIQUETA DAÑADA,METODO,B&S 2,RKE FOB CUSW
BACKEND/ENSAMBLE FINAL,PRUEBA FINAL,ETIQUETA DAÑADA,METODO,B&S 2,RXM
BACKEND/ENSAMBLE FINAL,PRUEBA FINAL,ETIQUETA DAÑADA,METODO,B&S 2,SKREEK
BACKEND/ENSAMBLE FINAL,PRUEBA FINAL,ETIQUETA DAÑADA,METODO,B&S 2,SMART ECU
BACKEND/ENSAMBLE FINAL,PRUEBA FINAL,ETIQUETA DAÑADA,METODO,B&S 2,SMART FOB
BACKEND/ENSAMBLE FINAL,PRUEBA FINAL,ETIQUETA DAÑADA,METODO,B&S 2,TG ECU
BACKEND/ENSAMBLE FINAL,PRUEBA FINAL,ETIQUETA DAÑADA,METODO,B&S 2,TG1C DCX
BACKEND/ENSAMBLE FINAL,PRUEBA FINAL,ETIQUETA DAÑADA,METODO,B&S 2,TG1C HONDA
BACKEND/ENSAMBLE FINAL,PRUEBA FINAL,ETIQUETA DAÑADA,METODO,B&S 2,TG1C HYUNDAI
BACKEND/ENSAMBLE FINAL,PRUEBA FINAL,ETIQUETA DAÑADA,METODO,B&S 2,TG1C NISSAN
BACKEND/ENSAMBLE FINAL,PRUEBA FINAL,ETIQUETA DAÑADA,METODO,B&S 2,TG1C UNIVERSAL
BACKEND/ENSAMBLE FINAL,PRUEBA FINAL,ETIQUETA DAÑADA,METODO,B&S 2,TIS 1D CHRYSLER
BACKEND/ENSAMBLE FINAL,PRUEBA FINAL,ETIQUETA DAÑADA,METODO,B&S 2,TIS 1D GM K2XX
BACKEND/ENSAMBLE FINAL,PRUEBA FINAL,ETIQUETA DAÑADA,METODO,B&S 2,TIS 1D MMC
BACKEND/ENSAMBLE FINAL,PRUEBA FINAL,ETIQUETA DAÑADA,METODO,B&S 2,TIS1C127 BMW
BACKEND/ENSAMBLE FINAL,PRUEBA FINAL,ETIQUETA DAÑADA,METODO,B&S 2,TIS1C127 HMC
BACKEND/ENSAMBLE FINAL,PRUEBA FINAL,ETIQUETA DAÑADA,METODO,B&S 2,TIS1C127 NISSAN
BACKEND/ENSAMBLE FINAL,PRUEBA FINAL,ETIQUETA DAÑADA,METODO,B&S 2,TIS1C127 GM
BACKEND/ENSAMBLE FINAL,PRUEBA FINAL,ETIQUETA DAÑADA,METODO,B&S 2,TXK
BACKEND/ENSAMBLE FINAL,PRUEBA FINAL,ETIQUETA DAÑADA,METODO,B&S 2,WIN
BACKEND/ENSAMBLE FINAL,PRUEBA FINAL,ETIQUETA DAÑADA,METODO,B&S 2,WK_WD RFHUB
BACKEND/ENSAMBLE FINAL,PRUEBA FINAL,ETIQUETA DAÑADA,PROVEEDOR,B&S,BCM
BACKEND/ENSAMBLE FINAL,PRUEBA FINAL,ETIQUETA DAÑADA,PROVEEDOR,B&S,BCM K2XX
BACKEND/ENSAMBLE FINAL,PRUEBA FINAL,ETIQUETA DAÑADA,PROVEEDOR,B&S,BCM SQUARE D
BACKEND/ENSAMBLE FINAL,PRUEBA FINAL,ETIQUETA DAÑADA,PROVEEDOR,B&S,CMF1
BACKEND/ENSAMBLE FINAL,PRUEBA FINAL,ETIQUETA DAÑADA,PROVEEDOR,B&S,ESCL
BACKEND/ENSAMBLE FINAL,PRUEBA FINAL,ETIQUETA DAÑADA,PROVEEDOR,B&S,EXTERNAL RECEIVER K2XX
BACKEND/ENSAMBLE FINAL,PRUEBA FINAL,ETIQUETA DAÑADA,PROVEEDOR,B&S,FOB READER
BACKEND/ENSAMBLE FINAL,PRUEBA FINAL,ETIQUETA DAÑADA,PROVEEDOR,B&S,GLOBAL A
BACKEND/ENSAMBLE FINAL,PRUEBA FINAL,ETIQUETA DAÑADA,PROVEEDOR,B&S,INTERNAL RECEIVER K2XX
BACKEND/ENSAMBLE FINAL,PRUEBA FINAL,ETIQUETA DAÑADA,PROVEEDOR,B&S,KEY FOB
BACKEND/ENSAMBLE FINAL,PRUEBA FINAL,ETIQUETA DAÑADA,PROVEEDOR,B&S,KWANG JIN
BACKEND/ENSAMBLE FINAL,PRUEBA FINAL,ETIQUETA DAÑADA,PROVEEDOR,B&S,NISSAN KEY FOB 4TH BUNDLE
BACKEND/ENSAMBLE FINAL,PRUEBA FINAL,ETIQUETA DAÑADA,PROVEEDOR,B&S,NISSAN KEY FOB CMF1
BACKEND/ENSAMBLE FINAL,PRUEBA FINAL,ETIQUETA DAÑADA,PROVEEDOR,B&S,NISSAN KEY FOB SQUARE D
BACKEND/ENSAMBLE FINAL,PRUEBA FINAL,ETIQUETA DAÑADA,PROVEEDOR,B&S,PATS
BACKEND/ENSAMBLE FINAL,PRUEBA FINAL,ETIQUETA DAÑADA,PROVEEDOR,B&S,PEPS
BACKEND/ENSAMBLE FINAL,PRUEBA FINAL,ETIQUETA DAÑADA,PROVEEDOR,B&S,PK MY 13 FORD
BACKEND/ENSAMBLE FINAL,PRUEBA FINAL,ETIQUETA DAÑADA,PROVEEDOR,B&S,PK MY14 LINCOLN
BACKEND/ENSAMBLE FINAL,PRUEBA FINAL,ETIQUETA DAÑADA,PROVEEDOR,B&S,PQ GATEWAY MY13
BACKEND/ENSAMBLE FINAL,PRUEBA FINAL,ETIQUETA DAÑADA,PROVEEDOR,B&S,PQ25 LP3
BACKEND/ENSAMBLE FINAL,PRUEBA FINAL,ETIQUETA DAÑADA,PROVEEDOR,B&S,PQ35 5TA GENERACIÓN
BACKEND/ENSAMBLE FINAL,PRUEBA FINAL,ETIQUETA DAÑADA,PROVEEDOR,B&S,PQ35 6ta Gen
BACKEND/ENSAMBLE FINAL,PRUEBA FINAL,ETIQUETA DAÑADA,PROVEEDOR,B&S,RECEIVER
BACKEND/ENSAMBLE FINAL,PRUEBA FINAL,ETIQUETA DAÑADA,PROVEEDOR,B&S,RF TUNER
BACKEND/ENSAMBLE FINAL,PRUEBA FINAL,ETIQUETA DAÑADA,PROVEEDOR,B&S,WEBASTO
BACKEND/ENSAMBLE FINAL,PRUEBA FINAL,ETIQUETA DAÑADA,PROVEEDOR,B&S 3,BIDIR FOB HONDA MY14
BACKEND/ENSAMBLE FINAL,PRUEBA FINAL,ETIQUETA DAÑADA,PROVEEDOR,B&S 3,FOB HONDA MY14
BACKEND/ENSAMBLE FINAL,PRUEBA FINAL,ETIQUETA DAÑADA,PROVEEDOR,B&S 3,PCU HONDA MY14
BACKEND/ENSAMBLE FINAL,PRUEBA FINAL,ETIQUETA DAÑADA,PROVEEDOR,B&S 3,TRX HONDA MY14
BACKEND/ENSAMBLE FINAL,PRUEBA FINAL,ETIQUETA DAÑADA,PROVEEDOR,PE,CEC
BACKEND/ENSAMBLE FINAL,PRUEBA FINAL,ETIQUETA DAÑADA,PROVEEDOR,PE,IDM
BACKEND/ENSAMBLE FINAL,PRUEBA FINAL,ETIQUETA DAÑADA,PROVEEDOR,PE,SID903
BACKEND/ENSAMBLE FINAL,PRUEBA FINAL,ETIQUETA DAÑADA,PROVEEDOR,PE,SID904
BACKEND/ENSAMBLE FINAL,PRUEBA FINAL,ETIQUETA DAÑADA,PROVEEDOR,PE,SID908
BACKEND/ENSAMBLE FINAL,PRUEBA FINAL,ETIQUETA DAÑADA,PROVEEDOR,PE,SID910
BACKEND/ENSAMBLE FINAL,PRUEBA FINAL,ETIQUETA DAÑADA,PROVEEDOR,PE,SID913
BACKEND/ENSAMBLE FINAL,PRUEBA FINAL,ETIQUETA DAÑADA,PROVEEDOR,PE,ACM
BACKEND/ENSAMBLE FINAL,PRUEBA FINAL,ETIQUETA DAÑADA,PROVEEDOR,PE,EVO
BACKEND/ENSAMBLE FINAL,PRUEBA FINAL,ETIQUETA DAÑADA,PROVEEDOR,PSAD,BOSE BMW
BACKEND/ENSAMBLE FINAL,PRUEBA FINAL,ETIQUETA DAÑADA,PROVEEDOR,PSAD,BOSE VW
BACKEND/ENSAMBLE FINAL,PRUEBA FINAL,ETIQUETA DAÑADA,PROVEEDOR,PSAD,OCS NISSAN
BACKEND/ENSAMBLE FINAL,PRUEBA FINAL,ETIQUETA DAÑADA,PROVEEDOR,PSAD,OCS SUZUKI
BACKEND/ENSAMBLE FINAL,PRUEBA FINAL,ETIQUETA DAÑADA,PROVEEDOR,PSAD,ACCORD
BACKEND/ENSAMBLE FINAL,PRUEBA FINAL,ETIQUETA DAÑADA,PROVEEDOR,PSAD,ARAMIS 2010
BACKEND/ENSAMBLE FINAL,PRUEBA FINAL,ETIQUETA DAÑADA,PROVEEDOR,PSAD,ARAMIS 2011
BACKEND/ENSAMBLE FINAL,PRUEBA FINAL,ETIQUETA DAÑADA,PROVEEDOR,PSAD,ARAMIS 2012
BACKEND/ENSAMBLE FINAL,PRUEBA FINAL,ETIQUETA DAÑADA,PROVEEDOR,PSAD,ARAMIS 2013
BACKEND/ENSAMBLE FINAL,PRUEBA FINAL,ETIQUETA DAÑADA,PROVEEDOR,PSAD,ARAMIS I
BACKEND/ENSAMBLE FINAL,PRUEBA FINAL,ETIQUETA DAÑADA,PROVEEDOR,PSAD,ARAMIS II MCG
BACKEND/ENSAMBLE FINAL,PRUEBA FINAL,ETIQUETA DAÑADA,PROVEEDOR,PSAD,ARAMIS III
BACKEND/ENSAMBLE FINAL,PRUEBA FINAL,ETIQUETA DAÑADA,PROVEEDOR,PSAD,CHRYSLER MY2013
BACKEND/ENSAMBLE FINAL,PRUEBA FINAL,ETIQUETA DAÑADA,PROVEEDOR,PSAD,D3
BACKEND/ENSAMBLE FINAL,PRUEBA FINAL,ETIQUETA DAÑADA,PROVEEDOR,PSAD,FIAT BRAZIL
BACKEND/ENSAMBLE FINAL,PRUEBA FINAL,ETIQUETA DAÑADA,PROVEEDOR,PSAD,FORD
BACKEND/ENSAMBLE FINAL,PRUEBA FINAL,ETIQUETA DAÑADA,PROVEEDOR,PSAD,HONDA HRS5
BACKEND/ENSAMBLE FINAL,PRUEBA FINAL,ETIQUETA DAÑADA,PROVEEDOR,PSAD,HONDA HRS6
BACKEND/ENSAMBLE FINAL,PRUEBA FINAL,ETIQUETA DAÑADA,PROVEEDOR,PSAD,HYUNDAI
BACKEND/ENSAMBLE FINAL,PRUEBA FINAL,ETIQUETA DAÑADA,PROVEEDOR,PSAD,LEGACY
BACKEND/ENSAMBLE FINAL,PRUEBA FINAL,ETIQUETA DAÑADA,PROVEEDOR,PSAD,RENAULT
BACKEND/ENSAMBLE FINAL,PRUEBA FINAL,ETIQUETA DAÑADA,PROVEEDOR,PSAD,SDM10
BACKEND/ENSAMBLE FINAL,PRUEBA FINAL,ETIQUETA DAÑADA,PROVEEDOR,PSAD,SDM10+
BACKEND/ENSAMBLE FINAL,PRUEBA FINAL,ETIQUETA DAÑADA,PROVEEDOR,PSAD,SDM30
BACKEND/ENSAMBLE FINAL,PRUEBA FINAL,ETIQUETA DAÑADA,PROVEEDOR,PSAD,VW10 LC
BACKEND/ENSAMBLE FINAL,PRUEBA FINAL,ETIQUETA DAÑADA,PROVEEDOR,PSAD,VW20 MQB
BACKEND/ENSAMBLE FINAL,PRUEBA FINAL,ETIQUETA DAÑADA,PROVEEDOR,PSAD,ARMIN
BACKEND/ENSAMBLE FINAL,PRUEBA FINAL,ETIQUETA DAÑADA,PROVEEDOR,PSAD,ASTON MARTIN
BACKEND/ENSAMBLE FINAL,PRUEBA FINAL,ETIQUETA DAÑADA,PROVEEDOR,PSAD,DAIMLER SMART
BACKEND/ENSAMBLE FINAL,PRUEBA FINAL,ETIQUETA DAÑADA,PROVEEDOR,PSAD,DAIMLER STAR 2
BACKEND/ENSAMBLE FINAL,PRUEBA FINAL,ETIQUETA DAÑADA,PROVEEDOR,PSAD,DAIMLER STAR2_ISC
BACKEND/ENSAMBLE FINAL,PRUEBA FINAL,ETIQUETA DAÑADA,PROVEEDOR,PSAD,EPSILON
BACKEND/ENSAMBLE FINAL,PRUEBA FINAL,ETIQUETA DAÑADA,PROVEEDOR,PSAD,GM BRASIL
BACKEND/ENSAMBLE FINAL,PRUEBA FINAL,ETIQUETA DAÑADA,PROVEEDOR,PSAD,JAGUAR PED
BACKEND/ENSAMBLE FINAL,PRUEBA FINAL,ETIQUETA DAÑADA,PROVEEDOR,PSAD,JAGUAR X1
BACKEND/ENSAMBLE FINAL,PRUEBA FINAL,ETIQUETA DAÑADA,PROVEEDOR,PSAD,LAND ROVER
BACKEND/ENSAMBLE FINAL,PRUEBA FINAL,ETIQUETA DAÑADA,PROVEEDOR,PSAD,OPEL 3300
BACKEND/ENSAMBLE FINAL,PRUEBA FINAL,ETIQUETA DAÑADA,PROVEEDOR,PSAD,OPEL 3i
BACKEND/ENSAMBLE FINAL,PRUEBA FINAL,ETIQUETA DAÑADA,PROVEEDOR,PSAD,OPEL 4400
BACKEND/ENSAMBLE FINAL,PRUEBA FINAL,ETIQUETA DAÑADA,PROVEEDOR,PSAD,PSA CAN
BACKEND/ENSAMBLE FINAL,PRUEBA FINAL,ETIQUETA DAÑADA,PROVEEDOR,PSAD,PSA MAGNA
BACKEND/ENSAMBLE FINAL,PRUEBA FINAL,ETIQUETA DAÑADA,PROVEEDOR,PSAD,VOLVO P1
BACKEND/ENSAMBLE FINAL,PRUEBA FINAL,ETIQUETA DAÑADA,PROVEEDOR,PSAD,VOLVO P15
BACKEND/ENSAMBLE FINAL,PRUEBA FINAL,ETIQUETA DAÑADA,PROVEEDOR,PSAD,VW20
BACKEND/ENSAMBLE FINAL,PRUEBA FINAL,ETIQUETA DAÑADA,PROVEEDOR,B&S 2,ANTENA
BACKEND/ENSAMBLE FINAL,PRUEBA FINAL,ETIQUETA DAÑADA,PROVEEDOR,B&S 2,ACURA ECU
BACKEND/ENSAMBLE FINAL,PRUEBA FINAL,ETIQUETA DAÑADA,PROVEEDOR,B&S 2,ACURA FOB
BACKEND/ENSAMBLE FINAL,PRUEBA FINAL,ETIQUETA DAÑADA,PROVEEDOR,B&S 2,BMW
BACKEND/ENSAMBLE FINAL,PRUEBA FINAL,ETIQUETA DAÑADA,PROVEEDOR,B&S 2,BMW FBD 3
BACKEND/ENSAMBLE FINAL,PRUEBA FINAL,ETIQUETA DAÑADA,PROVEEDOR,B&S 2,CBC
BACKEND/ENSAMBLE FINAL,PRUEBA FINAL,ETIQUETA DAÑADA,PROVEEDOR,B&S 2,CORPORATE
BACKEND/ENSAMBLE FINAL,PRUEBA FINAL,ETIQUETA DAÑADA,PROVEEDOR,B&S 2,CUSW
BACKEND/ENSAMBLE FINAL,PRUEBA FINAL,ETIQUETA DAÑADA,PROVEEDOR,B&S 2,CUSW UF PASE
BACKEND/ENSAMBLE FINAL,PRUEBA FINAL,ETIQUETA DAÑADA,PROVEEDOR,B&S 2,CUSW UF RFHM
BACKEND/ENSAMBLE FINAL,PRUEBA FINAL,ETIQUETA DAÑADA,PROVEEDOR,B&S 2,DCU
BACKEND/ENSAMBLE FINAL,PRUEBA FINAL,ETIQUETA DAÑADA,PROVEEDOR,B&S 2,FOB SLOT
BACKEND/ENSAMBLE FINAL,PRUEBA FINAL,ETIQUETA DAÑADA,PROVEEDOR,B&S 2,HYUNDAI TPMS ECU
BACKEND/ENSAMBLE FINAL,PRUEBA FINAL,ETIQUETA DAÑADA,PROVEEDOR,B&S 2,INMMO
BACKEND/ENSAMBLE FINAL,PRUEBA FINAL,ETIQUETA DAÑADA,PROVEEDOR,B&S 2,LF
BACKEND/ENSAMBLE FINAL,PRUEBA FINAL,ETIQUETA DAÑADA,PROVEEDOR,B&S 2,PASE FOB CUSW
BACKEND/ENSAMBLE FINAL,PRUEBA FINAL,ETIQUETA DAÑADA,PROVEEDOR,B&S 2,RFHM CUSW
BACKEND/ENSAMBLE FINAL,PRUEBA FINAL,ETIQUETA DAÑADA,PROVEEDOR,B&S 2,RKE FOB CUSW
BACKEND/ENSAMBLE FINAL,PRUEBA FINAL,ETIQUETA DAÑADA,PROVEEDOR,B&S 2,RXM
BACKEND/ENSAMBLE FINAL,PRUEBA FINAL,ETIQUETA DAÑADA,PROVEEDOR,B&S 2,SKREEK
BACKEND/ENSAMBLE FINAL,PRUEBA FINAL,ETIQUETA DAÑADA,PROVEEDOR,B&S 2,SMART ECU
BACKEND/ENSAMBLE FINAL,PRUEBA FINAL,ETIQUETA DAÑADA,PROVEEDOR,B&S 2,SMART FOB
BACKEND/ENSAMBLE FINAL,PRUEBA FINAL,ETIQUETA DAÑADA,PROVEEDOR,B&S 2,TG ECU
BACKEND/ENSAMBLE FINAL,PRUEBA FINAL,ETIQUETA DAÑADA,PROVEEDOR,B&S 2,TG1C DCX
BACKEND/ENSAMBLE FINAL,PRUEBA FINAL,ETIQUETA DAÑADA,PROVEEDOR,B&S 2,TG1C HONDA
BACKEND/ENSAMBLE FINAL,PRUEBA FINAL,ETIQUETA DAÑADA,PROVEEDOR,B&S 2,TG1C HYUNDAI
BACKEND/ENSAMBLE FINAL,PRUEBA FINAL,ETIQUETA DAÑADA,PROVEEDOR,B&S 2,TG1C NISSAN
BACKEND/ENSAMBLE FINAL,PRUEBA FINAL,ETIQUETA DAÑADA,PROVEEDOR,B&S 2,TG1C UNIVERSAL
BACKEND/ENSAMBLE FINAL,PRUEBA FINAL,ETIQUETA DAÑADA,PROVEEDOR,B&S 2,TIS 1D CHRYSLER
BACKEND/ENSAMBLE FINAL,PRUEBA FINAL,ETIQUETA DAÑADA,PROVEEDOR,B&S 2,TIS 1D GM K2XX
BACKEND/ENSAMBLE FINAL,PRUEBA FINAL,ETIQUETA DAÑADA,PROVEEDOR,B&S 2,TIS 1D MMC
BACKEND/ENSAMBLE FINAL,PRUEBA FINAL,ETIQUETA DAÑADA,PROVEEDOR,B&S 2,TIS1C127 BMW
BACKEND/ENSAMBLE FINAL,PRUEBA FINAL,ETIQUETA DAÑADA,PROVEEDOR,B&S 2,TIS1C127 HMC
BACKEND/ENSAMBLE FINAL,PRUEBA FINAL,ETIQUETA DAÑADA,PROVEEDOR,B&S 2,TIS1C127 NISSAN
BACKEND/ENSAMBLE FINAL,PRUEBA FINAL,ETIQUETA DAÑADA,PROVEEDOR,B&S 2,TIS1C127 GM
BACKEND/ENSAMBLE FINAL,PRUEBA FINAL,ETIQUETA DAÑADA,PROVEEDOR,B&S 2,TXK
BACKEND/ENSAMBLE FINAL,PRUEBA FINAL,ETIQUETA DAÑADA,PROVEEDOR,B&S 2,WIN
BACKEND/ENSAMBLE FINAL,PRUEBA FINAL,ETIQUETA DAÑADA,PROVEEDOR,B&S 2,WK_WD RFHUB
